#p0-k0
1.82 -1.49 ,1.06 -0.89 ,2.01 -1.33 ,-2.73 2.86 ,2.04 -1.67 ,0.47 -0.39 ,1.23 -0.94 ,1.23 -0.94 ,0.34 -0.08 ,0.22 -0.01 ,-3.9 4.33 ,0.78 -0.81 ,-11.03 10.2 ,-4.28 4.26 ,-22.13 20.14 ,-22.69 22.16 ,-7.33 7.42 ,-7.24 7.74 ,-5.84 5.62 ,-13.89 13.18 ,-21.25 20.89 ,-3.58 2.96 ,1.49 -1.32 ,-18.31 17.51 ,-12.32 11.92 ,-26.45 26.16 ,-8.79 8.9 ,-4.87 4.6 ,-15.32 14.35 ,-15.2 14.7 ,-14.69 13.18 ,-14.0 13.48 ,-4.6 4.87 ,-12.74 12.74 ,-18.55 18.21 ,-26.63 25.42 ,-14.58 14.29 ,-21.5 21.26 ,-11.61 11.56 ,-4.2 4.73 ,-13.76 13.13 ,-7.46 7.35 ,-11.74 11.11 ,-15.71 15.68 ,-4.66 4.35 ,-7.05 6.94 ,-8.82 8.36 ,-5.69 5.09 ,-11.85 11.66 ,-16.81 16.41 ,-15.52 15.03 ,-21.68 21.24 ,-5.7 5.4 ,-7.81 8.43 ,-0.94 1.11 ,-14.16 13.6 ,-5.51 5.03 ,-20.67 19.43 ,-16.64 16.67 ,-2.12 2.55 ,-0.02 0.23 ,-4.78 5.38 ,-12.44 12.74 ,-7.16 7.03 ,-20.86 19.57 ,-7.0 6.9 ,-33.2 33.84 ,-4.72 4.36 ,-17.12 16.58 ,-12.49 12.47 ,-0.9 0.81 ,-3.48 3.44 ,-14.89 14.28 ,-16.02 16.84 ,-17.34 15.89 ,-5.85 5.05 ,-19.39 19.04 ,-5.08 5.4 ,1.66 -1.32 ,-12.32 11.47 ,-14.09 13.91 ,-7.47 7.89 ,-15.35 15.08 ,-14.75 13.65 ,-1.69 1.44 ,-0.49 0.75 ,-6.88 7.34 ,-6.43 6.07 ,-9.49 9.3 ,
#p0-k1
1.43 -1.36 ,2.63 -2.86 ,0.91 -1.13 ,1.34 -0.78 ,2.03 -1.63 ,-0.51 -0.14 ,-0.29 -0.94 ,0.06 -0.28 ,2.53 -2.71 ,2.57 -2.69 ,0.99 -1.3 ,1.22 -1.32 ,-8.25 8.09 ,-1.84 2.46 ,-8.16 7.99 ,-6.37 6.19 ,-8.91 7.79 ,-10.25 10.57 ,-6.16 6.65 ,-10.14 9.6 ,-5.71 6.39 ,-2.39 2.98 ,-7.35 7.12 ,-0.33 1.16 ,-10.64 10.74 ,-6.05 5.69 ,-3.74 4.12 ,-10.17 10.24 ,-12.12 12.21 ,-2.8 3.08 ,-3.76 3.24 ,0.65 -0.95 ,-0.63 0.4 ,-8.3 8.76 ,-4.78 5.09 ,-0.63 0.77 ,-1.38 1.78 ,-1.64 2.97 ,-2.27 3.0 ,-10.92 11.21 ,-9.85 10.38 ,-4.21 3.7 ,-9.92 9.95 ,-7.16 7.65 ,-9.57 10.4 ,-4.5 4.99 ,-1.69 1.47 ,-6.24 5.45 ,-0.52 0.51 ,-3.0 2.7 ,-5.92 4.73 ,-1.47 1.1 ,-5.76 5.2 ,-1.8 1.55 ,-3.36 3.1 ,-0.39 0.33 ,-8.35 9.18 ,-15.01 14.22 ,-3.21 3.43 ,-7.79 7.86 ,0.44 -0.22 ,-9.76 10.15 ,-8.11 7.7 ,-2.28 2.03 ,-4.97 4.44 ,-5.27 6.8 ,-9.43 8.76 ,-15.01 14.79 ,-4.32 4.32 ,-10.12 10.25 ,-0.58 0.6 ,-8.51 8.71 ,-6.8 6.75 ,-1.62 1.83 ,-7.53 8.23 ,-1.46 1.64 ,-11.1 11.69 ,-8.85 9.42 ,-3.67 4.51 ,-10.46 11.0 ,-8.88 9.32 ,-0.53 0.22 ,-3.09 3.94 ,-4.19 4.93 ,-15.52 15.58 ,-4.94 4.5 ,-10.5 10.08 ,-8.97 8.13 ,-13.89 14.25 ,
#p0-k2
-3.24 2.7 ,1.33 -1.61 ,2.66 -2.61 ,-0.24 -0.08 ,1.82 -2.07 ,1.75 -1.97 ,1.92 -1.99 ,3.45 -3.17 ,-0.68 0.33 ,2.0 -2.05 ,1.01 -1.29 ,-0.69 0.02 ,-1.61 0.87 ,-10.51 9.66 ,-18.94 16.66 ,-9.57 8.01 ,-10.75 10.18 ,-22.69 20.5 ,-9.36 8.72 ,-2.44 1.61 ,-0.65 0.14 ,-11.21 10.83 ,-6.45 4.87 ,-15.67 13.79 ,-8.45 6.81 ,-1.52 1.17 ,-13.96 12.59 ,-5.68 5.05 ,-7.63 6.08 ,-5.92 4.36 ,-3.6 3.87 ,-7.19 6.46 ,-7.49 5.61 ,-4.85 3.96 ,-18.19 15.19 ,-0.73 0.48 ,-9.53 7.9 ,-9.07 7.27 ,-13.58 10.34 ,-1.95 1.67 ,-0.73 0.2 ,-5.23 4.36 ,-7.41 5.98 ,-13.01 10.68 ,-6.42 5.35 ,-0.28 -0.12 ,-9.95 8.05 ,-1.52 0.82 ,-3.28 2.85 ,-7.51 6.55 ,0.04 -0.72 ,-13.27 10.9 ,-5.13 4.11 ,-18.23 16.96 ,-11.28 9.21 ,-23.94 23.03 ,-6.62 5.19 ,-4.16 3.67 ,-13.22 11.37 ,-15.1 12.33 ,-14.63 13.83 ,-2.59 1.52 ,-12.32 11.86 ,-4.6 3.96 ,-19.25 17.37 ,-11.45 9.74 ,-8.55 8.95 ,-9.55 9.0 ,-16.97 15.17 ,-2.66 1.91 ,-4.73 4.43 ,-5.47 4.59 ,-24.77 22.23 ,-17.09 15.43 ,-12.83 11.38 ,-9.35 7.87 ,0.68 -0.7 ,-22.2 19.83 ,-7.35 6.15 ,-0.98 0.37 ,-15.26 13.24 ,-11.48 10.48 ,-6.13 5.36 ,-7.82 7.19 ,-2.4 1.75 ,-12.81 10.65 ,-18.12 16.56 ,-22.68 19.97 ,-18.71 15.55 ,
#p0-k3
-0.41 0.3 ,-3.1 3.15 ,-2.61 1.53 ,-4.21 3.61 ,-5.33 4.48 ,0.94 -0.57 ,-0.45 0.73 ,-0.32 0.58 ,-5.88 5.27 ,-0.34 0.38 ,1.59 -1.3 ,1.27 -1.3 ,-13.04 12.3 ,-7.89 7.38 ,-11.4 11.32 ,-9.33 10.2 ,-5.28 5.6 ,-9.1 7.38 ,-11.05 11.09 ,-10.35 10.59 ,-9.88 10.37 ,-1.98 2.7 ,-10.31 10.61 ,-10.32 9.62 ,-12.38 12.92 ,-5.78 6.06 ,-2.7 3.14 ,-4.91 4.18 ,-11.86 11.26 ,-6.58 6.88 ,-8.13 7.95 ,-11.49 11.23 ,-9.35 8.13 ,-10.19 11.15 ,-9.18 8.3 ,-12.97 11.61 ,-5.21 6.21 ,-6.65 6.54 ,-12.08 12.83 ,-10.8 10.08 ,-7.84 7.96 ,-13.74 14.16 ,-15.87 15.43 ,-3.05 3.72 ,-7.27 6.52 ,-5.75 5.62 ,-2.83 3.27 ,-7.43 7.44 ,-10.38 9.23 ,-13.09 12.53 ,-11.29 10.97 ,-14.02 13.92 ,-13.86 11.86 ,-10.54 10.32 ,-13.38 11.32 ,-8.92 9.11 ,-5.95 6.1 ,-7.88 7.55 ,-10.07 9.52 ,-10.06 10.13 ,-9.98 9.44 ,-4.38 4.59 ,-8.59 7.95 ,-13.96 13.59 ,-13.31 13.21 ,-7.41 7.77 ,-12.69 12.63 ,-8.58 9.96 ,-6.31 7.22 ,-10.48 9.65 ,-5.68 5.4 ,-5.39 5.82 ,-7.68 6.51 ,-4.93 4.46 ,-3.93 3.29 ,-8.84 9.46 ,-3.54 3.92 ,-8.92 8.66 ,-3.34 4.28 ,-13.16 13.05 ,-17.98 16.48 ,-5.82 5.57 ,-12.15 12.57 ,-3.09 3.35 ,-12.57 11.9 ,-9.37 8.44 ,-7.59 8.35 ,-10.51 10.38 ,-12.56 11.03 ,
#p0-k4
0.67 -0.74 ,1.66 -1.85 ,-0.37 0.43 ,0.05 0.16 ,0.16 -0.17 ,1.27 -1.51 ,1.46 -1.48 ,-1.32 1.08 ,-6.2 8.1 ,-5.12 6.15 ,1.58 -1.76 ,-2.3 2.63 ,0.53 -0.6 ,1.68 -2.25 ,-9.21 9.76 ,-8.06 8.74 ,-2.23 2.18 ,-8.44 9.98 ,-3.12 4.2 ,-1.77 2.22 ,-7.71 9.18 ,-11.6 12.9 ,-1.8 2.78 ,-8.34 10.43 ,-5.65 6.25 ,-7.22 8.07 ,-3.7 4.22 ,-6.65 7.38 ,-6.59 8.22 ,-4.1 4.84 ,-11.94 13.39 ,-4.95 5.86 ,-4.39 4.99 ,-3.94 4.71 ,-7.86 10.31 ,-6.86 8.37 ,-2.0 2.78 ,-3.66 4.05 ,-3.05 3.42 ,-3.57 4.84 ,-1.7 2.06 ,-5.54 5.51 ,-6.97 7.58 ,-2.99 3.97 ,-5.97 6.7 ,-8.12 9.12 ,-9.18 10.81 ,-5.71 6.01 ,-4.1 3.96 ,-0.31 0.49 ,-7.19 8.17 ,-5.2 6.53 ,-5.77 6.45 ,-5.09 5.28 ,-5.89 6.61 ,-3.32 2.72 ,-7.51 8.2 ,-5.0 6.12 ,-4.79 4.7 ,-7.17 9.13 ,-8.34 10.08 ,-3.21 4.16 ,-9.95 11.86 ,-8.56 10.97 ,-12.56 13.3 ,-11.16 13.79 ,-5.46 6.83 ,-3.17 3.89 ,-3.09 3.35 ,-3.6 4.46 ,-8.67 9.53 ,0.03 -0.47 ,-1.98 2.05 ,-3.5 4.83 ,-5.9 6.92 ,-15.05 16.73 ,-8.99 10.99 ,-8.69 10.59 ,-7.83 9.01 ,-2.84 3.67 ,-7.94 9.87 ,-4.22 4.95 ,-5.49 6.76 ,-8.13 9.49 ,-7.68 9.11 ,-2.83 4.04 ,1.4 -2.05 ,-10.23 12.44 ,-11.28 13.37 ,-7.53 8.67 ,-12.55 14.19 ,
#p1-k0
1.47 -0.44 ,-0.97 2.38 ,-4.96 5.89 ,0.0 0.02 ,0.8 -0.43 ,-0.26 0.43 ,-3.13 3.57 ,-2.71 4.38 ,-3.19 4.67 ,-0.28 0.39 ,0.2 0.37 ,-1.03 1.91 ,-3.95 4.46 ,-6.15 7.29 ,-5.35 7.96 ,-10.73 12.28 ,-6.81 7.47 ,-13.0 15.22 ,-7.35 8.01 ,-10.79 11.92 ,-0.56 1.45 ,-11.53 13.89 ,-3.96 5.86 ,-5.59 6.33 ,-15.4 16.75 ,-5.27 6.25 ,-13.84 16.22 ,-5.61 6.43 ,-11.78 14.8 ,-1.15 1.78 ,-8.5 11.13 ,-11.49 13.44 ,-11.15 12.71 ,-4.56 5.62 ,-2.85 3.15 ,-1.01 1.71 ,-6.26 7.71 ,-10.63 11.44 ,-9.54 11.14 ,-3.66 5.61 ,-12.78 14.61 ,-10.09 11.53 ,-6.56 7.65 ,-13.23 13.97 ,-6.14 6.67 ,-14.88 17.2 ,-8.41 10.06 ,-8.3 9.89 ,-12.32 14.08 ,-8.98 9.09 ,-10.73 12.46 ,-6.63 8.17 ,-6.3 7.53 ,-10.83 12.57 ,-4.12 5.72 ,-12.42 13.39 ,-7.6 8.46 ,-3.29 3.84 ,-4.79 5.23 ,-8.77 9.66 ,-6.55 7.82 ,-6.29 7.72 ,-9.7 11.66 ,-9.16 10.86 ,-2.98 3.75 ,-11.59 11.93 ,-12.39 14.0 ,-8.65 10.53 ,-0.75 0.86 ,-6.71 7.87 ,-9.51 9.12 ,-8.17 9.07 ,-3.3 4.57 ,-10.73 11.77 ,-2.93 3.43 ,-8.26 10.23 ,-10.16 11.02 ,-8.6 10.92 ,-7.4 8.59 ,-9.31 9.65 ,-1.32 1.83 ,-9.93 12.23 ,-10.86 12.83 ,-5.88 7.51 ,-4.54 5.89 ,-13.73 15.83 ,-6.66 7.33 ,-5.9 6.06 ,-8.7 9.91 ,
#p1-k1
0.54 -0.09 ,1.02 -0.99 ,-4.52 5.26 ,1.74 -1.54 ,-1.05 1.82 ,-2.11 2.57 ,1.32 -0.84 ,0.39 -0.27 ,-1.79 2.41 ,-4.5 5.46 ,1.12 -0.69 ,0.6 -0.41 ,-23.24 25.5 ,-9.78 10.96 ,-10.52 11.79 ,-3.47 3.7 ,-8.99 9.83 ,-0.39 0.88 ,-21.97 23.37 ,-9.35 10.29 ,-3.4 3.84 ,-25.83 29.38 ,-2.98 4.06 ,-28.21 29.86 ,-32.35 34.14 ,-16.72 17.46 ,-14.28 16.34 ,-9.8 11.82 ,-8.32 8.61 ,-9.16 11.06 ,-32.59 34.24 ,-2.54 2.63 ,-15.04 16.41 ,-1.43 1.67 ,-20.61 22.62 ,-15.32 16.36 ,-7.33 7.88 ,-4.58 5.44 ,-2.86 3.63 ,-11.47 12.41 ,-15.12 15.3 ,-0.43 1.12 ,-0.54 0.9 ,-23.64 24.89 ,-4.03 4.64 ,-2.63 3.19 ,-11.6 12.59 ,-1.13 2.22 ,-2.86 3.12 ,-9.04 9.91 ,-2.04 2.54 ,-9.32 9.78 ,-22.42 24.26 ,-3.63 3.71 ,-13.28 13.74 ,-13.51 13.88 ,-10.08 11.52 ,-19.84 21.45 ,-22.24 24.06 ,-15.1 17.57 ,-9.65 10.58 ,-6.9 6.87 ,-14.47 14.41 ,-18.49 19.06 ,-0.95 1.32 ,-11.43 11.77 ,-21.08 22.33 ,-16.67 19.0 ,-1.15 1.26 ,-8.46 9.55 ,-18.27 20.06 ,-8.23 9.12 ,-1.0 1.89 ,-8.93 9.85 ,-14.95 16.11 ,-49.4 51.46 ,-12.18 12.5 ,-12.94 14.09 ,-7.58 8.23 ,-8.15 8.98 ,-2.59 2.4 ,-25.67 29.0 ,-1.07 1.63 ,-14.42 17.07 ,-4.03 5.35 ,-14.75 17.0 ,-12.03 14.12 ,-12.88 13.75 ,-15.3 16.85 ,
#p1-k2
2.14 -1.62 ,1.76 -1.61 ,-1.27 1.75 ,1.47 -1.11 ,1.5 -1.06 ,1.18 -1.08 ,0.79 -0.64 ,-0.78 1.19 ,-2.92 3.43 ,1.28 -1.36 ,3.46 -3.3 ,1.67 -1.33 ,-2.1 2.33 ,-11.93 12.77 ,-7.39 8.27 ,-1.95 1.68 ,-5.44 5.72 ,-4.34 4.09 ,-8.45 9.46 ,-3.89 4.72 ,-13.95 14.03 ,-6.53 7.58 ,-0.97 1.05 ,-6.86 7.06 ,-1.67 2.0 ,-1.96 2.42 ,-0.02 0.01 ,-8.09 8.45 ,-4.0 4.47 ,-1.52 1.88 ,-7.32 6.97 ,-9.44 10.84 ,0.65 0.13 ,-0.55 0.68 ,-8.73 9.67 ,-0.91 1.51 ,-0.83 1.08 ,-7.76 7.63 ,-5.81 6.25 ,-0.78 0.91 ,-1.42 1.84 ,-7.25 8.06 ,-6.57 7.68 ,-2.31 2.5 ,-4.83 5.54 ,-5.37 5.58 ,-3.08 3.72 ,-1.11 1.47 ,-1.48 1.69 ,-6.34 6.08 ,-5.61 5.78 ,-0.83 1.24 ,-4.73 4.84 ,-1.06 1.31 ,-1.99 3.33 ,-2.28 2.01 ,-4.4 5.03 ,-2.25 3.11 ,-5.88 5.88 ,-7.82 6.87 ,-3.71 2.95 ,-7.03 7.08 ,-6.86 7.42 ,-1.37 1.68 ,-12.18 12.99 ,-7.95 8.52 ,-1.44 1.73 ,-1.85 1.86 ,-5.92 6.87 ,-2.13 1.88 ,-6.46 7.32 ,-4.11 4.5 ,-0.62 1.27 ,-3.41 4.02 ,-7.57 8.61 ,-5.61 6.34 ,-7.23 7.05 ,-12.48 13.95 ,-6.46 7.84 ,-5.03 5.7 ,-8.14 8.76 ,-5.46 5.81 ,-2.38 3.37 ,-6.24 6.47 ,-1.49 1.89 ,-10.26 10.44 ,-0.47 0.51 ,-6.42 7.33 ,-1.28 1.94 ,
#p1-k3
0.7 -0.74 ,1.53 -1.57 ,1.09 -0.8 ,0.89 -1.01 ,1.16 -1.13 ,0.0 0.12 ,1.78 -0.64 ,0.21 0.04 ,0.35 -0.29 ,-1.46 1.74 ,-0.52 0.62 ,-1.59 1.06 ,-4.33 5.48 ,-6.2 6.72 ,0.3 -0.3 ,-9.4 9.27 ,-8.75 9.09 ,-5.57 6.41 ,-4.68 5.28 ,-8.34 9.82 ,-13.22 13.83 ,-5.96 5.8 ,-5.5 5.86 ,-6.28 5.79 ,-7.97 8.4 ,-12.0 12.95 ,-3.39 3.63 ,-12.59 12.9 ,-3.4 2.95 ,-3.78 4.59 ,-5.53 6.13 ,-10.71 11.74 ,-2.23 2.27 ,-4.44 5.46 ,-9.84 11.04 ,-5.46 5.62 ,-7.63 8.64 ,-1.89 2.72 ,-6.99 7.56 ,-3.95 3.95 ,-2.83 2.32 ,-9.18 8.96 ,-7.39 7.81 ,-5.06 6.26 ,-15.86 16.3 ,-11.65 13.07 ,-1.15 1.31 ,-4.32 4.58 ,-2.63 2.31 ,-8.82 9.75 ,-3.92 4.01 ,-3.86 4.68 ,-4.34 4.76 ,-7.01 7.73 ,-4.42 4.99 ,-2.71 2.61 ,-14.75 15.45 ,-11.78 12.12 ,-1.37 2.1 ,-1.18 1.02 ,-2.66 3.32 ,-1.71 2.2 ,-4.63 5.16 ,-6.15 6.94 ,-8.53 8.79 ,-7.45 6.08 ,-0.9 1.03 ,-6.88 7.05 ,-7.92 6.85 ,-3.3 3.44 ,-8.19 8.46 ,-9.47 9.6 ,-4.11 4.01 ,-11.45 11.91 ,-0.76 1.0 ,-4.36 4.48 ,-7.7 7.09 ,-6.83 6.65 ,-0.2 0.42 ,-1.48 1.13 ,-6.36 6.79 ,-11.52 11.72 ,-0.04 -0.06 ,-12.65 13.62 ,-4.51 4.89 ,-2.28 2.83 ,-4.96 5.42 ,-9.37 9.34 ,-9.01 9.12 ,
#p1-k4
0.86 -1.2 ,0.22 -0.08 ,0.92 -0.97 ,-1.94 2.44 ,0.98 -1.02 ,1.61 -1.54 ,0.23 0.55 ,-9.17 11.08 ,0.24 -0.5 ,1.39 -1.64 ,0.69 -0.62 ,2.56 -2.67 ,1.25 -1.25 ,0.75 -0.71 ,-1.68 1.94 ,-10.01 11.23 ,-4.29 4.87 ,-13.18 16.07 ,-10.57 11.82 ,-3.58 4.54 ,-5.09 5.96 ,-10.35 11.19 ,-16.1 17.79 ,-2.79 3.56 ,-1.29 1.7 ,-3.79 4.66 ,-18.17 17.87 ,-4.18 4.92 ,-5.69 6.05 ,-11.12 12.5 ,-1.29 1.81 ,-1.28 1.79 ,0.27 0.16 ,-10.68 10.66 ,-3.78 4.41 ,-17.9 19.54 ,-21.46 23.79 ,-12.57 14.14 ,-10.91 11.55 ,-1.88 2.46 ,-4.43 4.63 ,-1.49 1.82 ,-9.21 9.53 ,-14.66 15.53 ,-1.99 2.11 ,-11.9 12.45 ,-5.42 6.1 ,-8.89 10.06 ,-11.21 12.3 ,1.17 -1.26 ,-11.99 13.8 ,-15.28 15.74 ,-22.2 22.58 ,-5.01 5.11 ,-6.9 7.41 ,-3.12 3.39 ,-3.19 3.92 ,-11.81 12.61 ,-4.74 5.79 ,-12.13 12.55 ,-16.36 17.62 ,-9.33 10.26 ,-10.3 11.38 ,-17.74 18.8 ,-13.53 15.12 ,-2.99 3.16 ,-16.19 18.5 ,-12.19 13.87 ,-2.12 2.39 ,-5.99 6.84 ,-20.5 21.32 ,-10.73 12.22 ,0.18 -0.36 ,-4.95 5.53 ,-2.4 2.56 ,-5.8 5.7 ,-1.53 1.72 ,-4.34 5.18 ,-33.88 37.28 ,-20.01 19.72 ,-0.57 0.84 ,-1.42 1.65 ,-19.49 20.67 ,-8.86 10.27 ,-0.38 0.5 ,-15.75 17.48 ,-15.58 17.56 ,-4.76 5.2 ,-0.73 0.69 ,-10.32 11.07 ,-19.69 21.25 ,
#p2-k0
-1.52 2.27 ,0.47 -0.41 ,1.27 -1.23 ,0.02 0.75 ,-7.9 6.34 ,1.32 -1.16 ,0.78 -0.52 ,-4.84 3.76 ,2.09 -1.67 ,0.39 -0.59 ,-0.65 -0.32 ,-1.35 0.9 ,-11.33 8.94 ,-9.21 8.78 ,-6.89 6.1 ,-10.21 7.54 ,-4.66 3.58 ,-2.61 1.66 ,-6.58 5.84 ,-8.37 6.31 ,-6.83 5.21 ,-4.85 4.26 ,-6.06 4.96 ,-1.94 1.14 ,-3.21 2.81 ,-10.76 7.75 ,-5.62 4.84 ,-7.24 6.08 ,-14.85 11.29 ,-5.82 4.34 ,-3.89 2.7 ,-6.28 3.86 ,-4.67 3.06 ,-5.46 4.45 ,-5.12 3.93 ,-11.08 8.61 ,-3.79 2.86 ,-6.03 4.6 ,-7.01 5.68 ,-2.09 2.05 ,-2.42 2.17 ,-0.55 0.7 ,-1.74 1.31 ,-4.49 4.02 ,-2.55 2.31 ,-0.27 -0.44 ,-6.88 5.55 ,-10.86 8.64 ,-6.03 5.27 ,-6.19 4.12 ,-7.0 5.22 ,-6.38 5.36 ,-12.82 10.34 ,-0.87 0.34 ,-5.16 3.47 ,-8.9 6.97 ,-6.95 4.97 ,-8.63 6.81 ,-6.98 5.76 ,-10.34 7.39 ,-8.61 8.18 ,-0.18 0.47 ,-0.42 0.44 ,-3.28 2.29 ,-3.12 2.86 ,-3.67 3.17 ,-2.24 1.79 ,-7.47 6.43 ,-5.17 3.56 ,-6.19 5.83 ,-0.74 0.21 ,-2.6 2.53 ,-16.72 13.48 ,-5.51 4.18 ,-1.01 0.06 ,0.29 -0.08 ,-8.67 6.7 ,-2.91 1.17 ,-3.78 3.44 ,0.45 -0.36 ,-7.76 6.29 ,-1.11 1.24 ,-2.9 2.36 ,-2.57 2.2 ,-9.52 7.42 ,0.68 -0.6 ,-5.56 4.79 ,-10.17 8.38 ,-8.92 7.39 ,
#p2-k1
1.75 -2.03 ,0.48 -0.73 ,1.92 -2.07 ,2.79 -2.87 ,-0.75 0.76 ,-15.39 15.06 ,2.45 -2.54 ,1.7 -1.81 ,-4.88 4.55 ,2.17 -2.5 ,1.91 -1.98 ,2.16 -2.5 ,-3.27 2.82 ,-31.04 30.51 ,-2.76 2.93 ,-26.04 25.75 ,-21.04 20.27 ,-34.54 33.73 ,-20.48 20.09 ,-30.38 29.83 ,-17.9 17.7 ,-24.01 23.56 ,-34.18 34.31 ,-25.62 23.81 ,-32.7 33.06 ,-10.83 10.6 ,-0.13 -0.17 ,-19.19 18.22 ,-22.3 21.96 ,-23.62 23.14 ,-20.06 19.43 ,-12.51 11.64 ,-37.35 36.76 ,-2.9 2.66 ,-12.26 11.25 ,-3.03 2.77 ,-49.09 48.34 ,-34.38 34.82 ,-4.37 3.93 ,-17.04 16.14 ,-15.92 15.47 ,-39.52 38.56 ,-33.29 31.88 ,-57.65 58.18 ,-21.96 20.7 ,-19.85 18.79 ,-14.87 14.83 ,-2.36 2.2 ,-15.61 15.27 ,-9.93 8.9 ,-8.24 7.42 ,-13.16 12.47 ,-31.81 32.09 ,-1.63 1.41 ,-22.26 21.45 ,-16.55 15.45 ,-11.71 11.02 ,0.65 -0.98 ,-18.93 17.8 ,-13.99 13.72 ,-20.73 20.16 ,-43.78 43.08 ,-19.86 19.56 ,-8.69 8.16 ,0.73 -1.12 ,-39.77 40.08 ,-17.92 16.73 ,-35.9 34.09 ,-36.86 36.74 ,-6.36 5.78 ,-33.46 33.07 ,-5.03 4.76 ,-35.24 35.37 ,-37.07 35.87 ,-46.25 45.16 ,-35.15 33.34 ,-16.0 15.86 ,-28.58 27.9 ,-17.06 16.83 ,-32.15 30.83 ,-21.99 22.83 ,-7.88 7.57 ,-7.99 7.0 ,-27.15 26.54 ,-17.19 17.19 ,-21.46 20.56 ,-27.1 27.54 ,-10.57 10.51 ,-6.33 5.82 ,
#p2-k2
2.3 -2.59 ,2.29 -2.3 ,2.5 -1.75 ,-2.5 2.22 ,1.44 -1.26 ,0.97 -0.67 ,-1.58 0.92 ,2.36 -2.01 ,2.53 -2.14 ,-0.26 0.75 ,-2.31 1.94 ,0.84 -1.53 ,-2.07 1.71 ,-3.27 3.1 ,-3.77 4.4 ,0.35 0.0 ,0.99 -1.19 ,-9.95 8.95 ,-7.46 6.31 ,-1.09 1.18 ,-9.33 9.17 ,-8.67 8.78 ,-7.43 8.04 ,-6.97 8.96 ,-2.57 3.54 ,0.43 -0.07 ,-7.01 7.89 ,-2.65 2.75 ,-6.79 7.48 ,-3.36 2.67 ,-5.29 4.36 ,-11.81 12.47 ,-3.65 3.16 ,-2.55 3.42 ,-7.57 7.35 ,-5.64 5.32 ,-6.82 6.64 ,0.1 0.29 ,0.24 -0.24 ,-4.49 4.77 ,-15.83 14.72 ,-5.43 5.5 ,-7.82 7.62 ,-8.54 8.48 ,-1.55 2.17 ,-8.94 9.1 ,-9.06 8.44 ,-7.23 7.4 ,-3.6 2.66 ,-1.85 1.75 ,1.36 -1.25 ,-5.7 5.69 ,-3.96 4.08 ,-4.73 3.81 ,-2.04 2.0 ,-2.39 2.73 ,2.14 -1.9 ,-4.19 3.4 ,-6.98 6.19 ,-11.05 10.31 ,1.44 -1.03 ,-2.93 2.81 ,-5.97 6.25 ,-12.1 12.22 ,-9.05 9.28 ,-4.18 4.62 ,-7.19 8.38 ,0.63 0.17 ,-2.49 2.07 ,-3.18 3.21 ,-4.27 4.37 ,0.46 -0.69 ,-5.04 5.42 ,-6.47 5.74 ,-1.78 1.92 ,-3.18 3.31 ,-4.02 4.89 ,-9.15 8.83 ,-5.5 5.95 ,-10.33 11.8 ,1.5 -1.2 ,-13.95 14.22 ,0.58 -0.85 ,-5.68 6.79 ,-7.06 7.08 ,-3.64 3.82 ,-3.08 2.84 ,-9.45 8.63 ,-8.1 9.27 ,
#p2-k3
-2.48 2.35 ,-4.59 4.37 ,-2.69 2.29 ,0.47 -0.27 ,-0.37 0.42 ,-4.73 4.62 ,-0.38 0.99 ,-2.75 3.08 ,-2.18 2.51 ,-0.31 -0.04 ,-2.29 2.22 ,0.44 0.42 ,-8.27 8.51 ,-8.21 8.34 ,-2.95 2.7 ,-2.41 2.77 ,-11.47 11.01 ,-12.92 12.6 ,-5.38 6.14 ,-9.73 10.07 ,-17.6 16.52 ,-8.25 7.56 ,-8.6 8.71 ,-14.0 14.04 ,-17.58 16.68 ,-3.26 2.86 ,-4.82 5.49 ,-5.21 4.93 ,-1.93 1.97 ,-5.14 4.7 ,-15.95 15.16 ,-16.15 16.08 ,-16.03 14.37 ,-12.24 11.64 ,-9.04 9.99 ,-10.03 9.24 ,-3.2 3.29 ,-21.16 20.32 ,-5.04 5.13 ,-5.93 5.64 ,-11.52 11.96 ,-4.33 4.83 ,-21.02 20.49 ,-15.12 14.84 ,-0.56 0.62 ,-7.93 8.17 ,-11.57 11.83 ,-10.69 11.0 ,-3.73 4.32 ,-7.87 8.29 ,-9.55 8.57 ,-4.03 3.23 ,-11.27 10.75 ,-6.65 6.24 ,-5.58 5.39 ,-19.33 17.24 ,-9.69 10.09 ,-3.21 3.69 ,-6.59 6.6 ,-10.72 10.99 ,-8.34 8.11 ,-11.35 12.14 ,-8.12 8.39 ,-5.08 5.52 ,-10.78 10.11 ,-14.52 13.38 ,-18.09 18.11 ,-9.65 9.7 ,-7.44 6.95 ,-2.4 2.3 ,-4.73 4.07 ,-5.4 5.26 ,-11.91 10.9 ,-5.21 5.19 ,-12.33 11.95 ,-15.44 15.49 ,-3.26 3.12 ,-6.08 5.75 ,-15.57 14.91 ,-6.25 6.77 ,-2.36 2.2 ,-11.08 10.41 ,-10.69 10.94 ,-4.04 4.0 ,-13.47 14.78 ,-11.66 12.45 ,-2.29 2.14 ,-6.74 6.52 ,-13.64 13.1 ,
#p2-k4
3.61 -2.99 ,1.66 -1.61 ,1.69 -0.77 ,-3.79 4.56 ,-1.34 2.01 ,-1.87 2.54 ,1.58 -0.98 ,2.24 -2.0 ,3.75 -3.46 ,3.85 -3.42 ,1.77 -1.42 ,1.82 -1.42 ,1.41 -0.8 ,-4.39 4.7 ,-2.78 3.81 ,-11.15 11.55 ,-1.43 2.19 ,-1.97 2.66 ,-5.38 5.68 ,-1.08 1.53 ,-3.32 3.97 ,-15.43 15.72 ,-4.85 6.93 ,-0.71 1.4 ,-7.2 8.56 ,-14.68 15.54 ,-7.43 8.19 ,-15.82 16.94 ,-12.08 12.66 ,-5.47 6.61 ,-6.74 8.08 ,-8.86 9.78 ,-4.35 5.46 ,-4.61 4.86 ,-11.02 11.89 ,-10.95 12.27 ,-11.56 12.48 ,-5.57 5.98 ,-16.36 18.68 ,-6.61 7.89 ,-6.14 6.69 ,-17.29 18.05 ,-13.94 15.69 ,-15.03 15.45 ,-13.26 13.99 ,-1.82 2.32 ,-13.46 15.24 ,-11.58 13.02 ,-8.93 8.85 ,-9.48 10.05 ,-2.76 4.2 ,-3.36 4.58 ,-16.13 17.78 ,-8.39 9.67 ,-13.83 15.16 ,-3.65 4.79 ,-6.55 7.14 ,-1.61 2.3 ,-14.0 14.94 ,0.0 0.53 ,-8.1 7.89 ,-13.05 15.0 ,-2.23 2.82 ,-12.18 13.35 ,-6.22 8.22 ,-7.84 9.22 ,-18.71 20.76 ,-3.95 5.13 ,-3.97 5.13 ,-8.6 9.61 ,-3.26 4.32 ,-1.55 2.21 ,-5.91 7.0 ,-14.87 16.36 ,-10.05 11.05 ,-5.95 6.88 ,-2.76 3.57 ,-5.66 7.52 ,-5.4 6.44 ,-7.96 9.22 ,-2.87 3.48 ,-10.88 11.32 ,-7.26 8.05 ,-14.23 16.03 ,-13.73 14.29 ,-18.46 18.78 ,-10.76 11.44 ,-10.52 11.42 ,-0.75 1.21 ,-8.07 8.77 ,-8.14 9.57 ,
#p3-k0
0.85 -1.15 ,1.42 -1.82 ,1.15 -2.24 ,3.53 -3.67 ,0.87 -0.85 ,1.69 -1.47 ,2.99 -3.17 ,-0.56 0.81 ,0.39 0.28 ,3.9 -4.2 ,-1.07 1.5 ,-1.08 0.85 ,-0.33 0.24 ,-6.45 6.57 ,0.5 -0.28 ,-2.21 2.35 ,-0.97 0.98 ,1.06 -1.02 ,-5.8 5.44 ,-4.4 4.85 ,-4.5 4.38 ,-4.98 5.45 ,-4.71 4.55 ,-3.34 3.46 ,-3.24 3.06 ,-0.97 0.79 ,-3.12 3.99 ,-3.32 2.82 ,-4.85 5.29 ,-4.82 4.63 ,-7.46 8.25 ,-3.01 3.01 ,-0.92 0.35 ,-4.7 5.1 ,-4.48 3.82 ,-3.35 4.22 ,-2.67 3.79 ,-3.81 5.16 ,-1.63 1.52 ,-4.67 4.8 ,-2.51 3.44 ,-1.23 1.69 ,-1.4 1.83 ,-3.32 3.13 ,-1.6 2.45 ,0.38 -0.07 ,-3.12 3.24 ,-0.18 -0.09 ,0.62 -0.12 ,-4.02 3.33 ,-3.33 2.71 ,1.63 -1.71 ,-4.27 3.69 ,-2.3 2.19 ,-5.44 5.78 ,-2.87 1.8 ,-0.5 0.68 ,-1.41 1.76 ,-1.34 0.8 ,-4.2 4.78 ,-7.58 7.21 ,-2.12 2.16 ,-6.42 5.79 ,-4.17 3.72 ,0.13 -0.28 ,-10.03 9.04 ,-3.14 2.28 ,0.99 -0.84 ,-3.89 2.82 ,-1.29 1.72 ,-2.04 1.61 ,0.0 -0.58 ,-4.57 4.63 ,-7.86 6.81 ,-5.56 4.3 ,-6.3 6.42 ,-5.79 6.13 ,-2.94 2.8 ,-5.25 4.82 ,-1.19 1.48 ,-2.53 2.13 ,0.03 0.12 ,-2.36 1.6 ,1.22 -1.04 ,-4.37 4.39 ,-6.44 6.66 ,-3.39 3.24 ,-5.52 4.55 ,-4.55 4.3 ,
#p3-k1
-0.7 1.39 ,4.39 -4.56 ,3.41 -3.63 ,4.2 -4.24 ,2.32 -2.69 ,3.88 -3.94 ,3.02 -3.01 ,3.34 -3.84 ,5.8 -6.2 ,0.63 -0.56 ,2.78 -2.98 ,2.43 -2.36 ,-7.09 8.06 ,0.9 -0.59 ,2.8 -3.16 ,3.54 -3.76 ,0.58 -0.61 ,-2.24 2.24 ,1.63 -1.55 ,3.53 -3.61 ,2.41 -2.85 ,0.47 0.4 ,2.99 -3.3 ,2.44 -2.23 ,-1.41 1.42 ,4.85 -4.81 ,-2.74 3.06 ,1.22 -0.76 ,2.27 -2.85 ,0.22 -0.02 ,1.01 -0.46 ,-0.75 0.94 ,-2.17 2.44 ,-2.06 1.76 ,0.62 -0.67 ,0.82 -0.29 ,0.82 -2.01 ,-0.47 0.18 ,-1.72 1.92 ,3.46 -3.59 ,3.48 -4.46 ,4.48 -4.73 ,1.76 -2.54 ,-2.64 2.82 ,-5.69 5.27 ,1.55 -1.74 ,-1.21 1.17 ,-0.36 1.42 ,-5.69 6.1 ,2.15 -2.38 ,-4.61 4.95 ,3.62 -3.76 ,1.52 -1.37 ,2.34 -2.3 ,2.62 -3.13 ,3.5 -3.62 ,-1.13 1.32 ,2.26 -2.31 ,0.33 -0.66 ,-0.3 0.26 ,3.04 -3.26 ,3.15 -3.19 ,1.07 -0.96 ,4.59 -5.03 ,5.25 -4.94 ,1.46 -1.26 ,0.58 -0.96 ,-2.39 1.56 ,0.99 -1.35 ,-0.98 0.36 ,0.58 -0.05 ,0.19 0.43 ,-0.35 0.79 ,-1.14 1.58 ,-2.28 2.97 ,2.07 -1.88 ,1.76 -1.91 ,1.8 -1.18 ,-1.77 1.66 ,-0.56 0.66 ,2.43 -2.23 ,1.1 -0.79 ,-2.45 2.27 ,3.58 -3.96 ,4.26 -4.17 ,-2.7 4.19 ,1.62 -0.63 ,-4.49 4.61 ,-1.76 1.6 ,
#p3-k2
2.27 -1.93 ,-11.24 10.93 ,0.99 -0.78 ,1.51 -1.33 ,0.57 -0.6 ,0.76 -0.6 ,1.87 -1.6 ,1.42 -0.87 ,2.19 -1.93 ,1.2 -1.32 ,1.7 -1.84 ,-1.59 1.09 ,-5.24 5.46 ,0.84 -0.57 ,-23.37 22.59 ,-21.85 20.12 ,-5.89 6.42 ,0.55 -0.63 ,-24.25 23.25 ,-11.15 10.89 ,-13.44 12.78 ,-4.94 4.28 ,-15.77 14.49 ,-7.35 6.5 ,-22.73 21.78 ,-17.88 16.81 ,-24.32 23.5 ,-16.72 15.25 ,-2.86 2.68 ,-7.19 6.44 ,-1.86 1.66 ,-1.3 1.37 ,-5.16 4.85 ,-4.27 4.01 ,-11.55 10.47 ,-5.5 5.28 ,-3.37 3.28 ,-21.52 20.93 ,-2.32 2.58 ,-0.53 0.74 ,-13.24 12.39 ,-18.73 17.51 ,-21.61 19.67 ,-5.55 4.88 ,-12.01 11.51 ,-0.97 0.81 ,-13.08 12.61 ,-18.91 18.33 ,-1.88 1.75 ,-27.69 27.04 ,-4.77 4.32 ,-12.85 12.33 ,-9.31 8.68 ,-1.82 1.67 ,-6.37 6.28 ,-0.13 0.21 ,-4.45 3.85 ,-23.68 22.1 ,-8.26 7.7 ,-7.69 7.57 ,-11.62 11.45 ,-21.22 21.59 ,-20.6 19.22 ,-2.94 2.48 ,-16.36 15.01 ,-4.39 3.75 ,-15.21 13.66 ,-25.55 23.98 ,-3.59 3.62 ,-15.36 13.72 ,0.02 -0.45 ,-29.39 27.19 ,-9.39 9.29 ,-19.28 19.07 ,-20.18 18.45 ,-13.83 12.96 ,-15.34 13.98 ,-1.86 1.7 ,-14.07 12.64 ,-10.35 9.43 ,-17.72 16.4 ,0.94 -0.83 ,-8.36 7.82 ,-29.48 26.24 ,-31.32 27.97 ,-13.35 11.63 ,-10.37 9.6 ,-2.42 1.87 ,-9.74 9.49 ,
#p3-k3
1.32 -1.49 ,-0.35 0.05 ,1.12 -1.41 ,3.3 -3.11 ,-1.23 1.86 ,1.19 -1.38 ,1.91 -1.74 ,2.23 -2.36 ,1.13 -0.76 ,3.04 -2.77 ,2.39 -2.0 ,2.75 -2.7 ,-8.08 8.37 ,1.17 -0.83 ,-7.62 7.23 ,-5.95 5.92 ,-2.01 2.08 ,-3.05 3.62 ,-3.98 3.5 ,-2.23 2.03 ,-5.56 6.67 ,-6.41 6.4 ,-4.31 5.32 ,-7.93 9.22 ,0.49 -0.33 ,-10.96 11.66 ,-4.29 4.44 ,-5.91 5.67 ,-4.08 4.69 ,-0.12 0.06 ,1.18 -1.78 ,-8.43 9.31 ,-7.39 7.6 ,-12.19 13.16 ,-7.28 7.94 ,-0.92 1.23 ,-8.55 9.41 ,-7.14 7.03 ,-3.39 3.06 ,-2.57 2.06 ,-5.59 6.21 ,-9.06 9.51 ,-4.67 3.62 ,-0.2 0.22 ,-3.95 3.7 ,-6.25 7.5 ,0.21 -0.23 ,-0.86 0.55 ,-5.8 6.49 ,-0.73 0.56 ,-3.91 4.29 ,-4.92 5.23 ,-6.31 7.23 ,-3.76 3.85 ,-6.89 8.22 ,-4.11 3.67 ,-3.98 4.67 ,-5.87 6.12 ,-1.82 1.92 ,-3.87 3.82 ,-7.15 7.68 ,1.3 -1.27 ,-7.32 7.61 ,-5.2 5.3 ,-7.34 6.99 ,-5.64 5.93 ,-5.71 5.27 ,-1.81 1.91 ,-6.2 6.52 ,-0.62 0.52 ,-0.6 0.52 ,-6.77 7.64 ,-3.05 3.29 ,-8.82 8.96 ,-2.45 2.35 ,-0.71 1.2 ,-4.0 3.65 ,-6.3 6.99 ,-10.47 10.35 ,-5.62 6.52 ,-5.4 4.92 ,-4.31 4.17 ,-6.82 6.62 ,-2.47 2.78 ,-6.19 6.27 ,-3.46 3.12 ,-3.26 4.48 ,0.92 -0.49 ,0.24 -0.61 ,
#p3-k4
-1.89 1.65 ,0.71 -1.26 ,1.08 -1.07 ,0.47 -0.31 ,0.22 0.15 ,1.01 -1.29 ,1.13 -0.5 ,0.09 0.33 ,2.06 -2.75 ,1.79 -1.93 ,2.61 -2.78 ,2.01 -2.56 ,-0.21 -0.01 ,-3.45 4.2 ,-6.71 7.01 ,-0.14 0.32 ,-4.61 4.64 ,-5.58 5.65 ,-4.15 4.46 ,0.69 -0.73 ,-8.04 7.62 ,-7.73 9.04 ,-10.5 12.09 ,-1.07 1.13 ,-2.91 2.8 ,-13.73 15.02 ,-6.07 5.37 ,-10.41 11.05 ,-5.53 5.97 ,-8.72 9.25 ,-12.06 11.65 ,-4.88 5.34 ,2.49 -3.16 ,-4.53 4.13 ,-9.86 10.48 ,-1.46 1.81 ,-5.83 6.4 ,-6.99 8.0 ,-7.67 7.5 ,-8.69 8.12 ,-4.17 4.62 ,-3.35 3.8 ,-13.24 13.07 ,-2.11 2.15 ,-1.55 2.29 ,-9.41 8.75 ,-4.43 4.54 ,-9.56 9.32 ,-5.51 5.96 ,-2.74 1.88 ,-3.01 3.57 ,-7.26 7.96 ,-13.4 12.3 ,0.03 -0.07 ,-0.25 0.42 ,-4.1 3.87 ,-18.65 18.34 ,-10.67 11.07 ,1.22 -1.51 ,-2.01 1.27 ,-20.64 22.16 ,-4.43 4.97 ,-2.99 2.81 ,0.15 0.39 ,-9.8 10.57 ,-4.9 4.56 ,-5.85 5.01 ,-0.21 0.09 ,-1.4 1.6 ,-5.05 5.03 ,-3.5 3.12 ,-5.66 5.17 ,-10.59 11.03 ,-11.49 11.0 ,-8.89 9.18 ,-6.01 7.2 ,-5.97 5.7 ,-14.36 15.03 ,-8.59 8.88 ,-1.7 1.51 ,-10.63 10.17 ,-7.67 7.13 ,-9.61 9.73 ,-3.62 3.79 ,-5.11 4.9 ,-7.66 6.58 ,-5.13 4.83 ,-3.76 4.66 ,-9.99 10.29 ,0.29 0.2 ,-7.43 8.05 ,
#p4-k0
1.08 -1.0 ,1.17 -1.0 ,-1.01 1.14 ,1.25 -1.16 ,-0.19 0.04 ,1.26 -0.54 ,-5.38 6.45 ,0.69 -0.48 ,0.08 0.1 ,0.8 -0.49 ,0.67 -0.42 ,1.11 -1.14 ,-8.15 9.37 ,-6.19 5.71 ,-15.44 14.81 ,-9.6 9.81 ,-10.1 10.46 ,-5.38 6.11 ,-4.48 5.85 ,-4.36 4.95 ,-3.26 3.41 ,-10.05 10.82 ,-13.18 14.85 ,-3.75 4.54 ,-1.28 1.75 ,-9.76 10.67 ,-13.58 14.44 ,-10.93 11.16 ,-9.31 9.87 ,-4.21 4.63 ,-12.67 13.19 ,-5.82 5.76 ,-13.24 12.97 ,-8.35 9.32 ,-2.55 3.58 ,-8.03 7.86 ,-10.95 11.86 ,-9.99 10.27 ,-13.38 15.14 ,-4.66 4.58 ,-5.54 5.84 ,-3.36 4.2 ,-6.37 6.84 ,-8.57 9.56 ,-0.26 0.36 ,-14.09 14.99 ,-7.43 7.64 ,-6.98 7.13 ,-8.67 8.57 ,-3.99 4.99 ,-6.47 6.58 ,0.52 -0.58 ,-2.03 2.52 ,-6.83 7.26 ,-0.18 0.08 ,-0.76 1.04 ,-14.8 14.18 ,-6.9 6.26 ,-8.63 8.7 ,-1.35 1.75 ,-2.64 3.41 ,-10.71 12.5 ,-8.83 9.93 ,-12.9 12.65 ,-10.1 10.67 ,-10.17 10.4 ,-12.39 12.92 ,-6.27 6.24 ,-8.54 8.69 ,-9.35 9.66 ,-0.9 1.16 ,-9.01 8.51 ,-0.4 0.5 ,-4.23 4.58 ,-3.99 4.41 ,-28.73 30.19 ,-14.68 14.78 ,-16.42 16.05 ,-3.09 4.08 ,-4.54 4.94 ,-15.13 16.25 ,-15.57 16.28 ,-12.25 12.21 ,-1.94 1.85 ,-7.08 6.83 ,-8.22 8.67 ,-9.18 9.83 ,-14.66 15.13 ,-19.31 19.89 ,
#p4-k1
0.61 -0.48 ,1.16 -1.16 ,0.15 -0.35 ,-3.35 3.23 ,-0.54 0.81 ,1.02 -0.94 ,-0.17 0.08 ,0.25 -0.31 ,-5.24 5.39 ,-10.93 11.29 ,-3.63 3.56 ,-0.03 -0.44 ,-6.88 7.77 ,-10.44 10.28 ,-2.74 2.66 ,-28.23 28.67 ,-22.63 21.69 ,-19.23 18.8 ,-14.02 14.69 ,-2.33 2.41 ,-16.58 15.46 ,-7.28 6.49 ,-14.57 17.01 ,-14.7 14.08 ,-12.6 12.41 ,-14.58 14.1 ,-5.42 5.13 ,-2.17 2.27 ,-13.65 14.36 ,-15.12 15.44 ,-22.05 22.82 ,-4.76 4.79 ,-12.66 11.7 ,-13.73 14.37 ,-17.53 17.3 ,-13.95 13.83 ,-8.59 9.02 ,-2.04 1.93 ,-13.28 14.01 ,-13.2 13.32 ,-8.8 8.55 ,-1.4 1.65 ,-12.56 13.1 ,-9.5 10.16 ,-5.51 5.91 ,-19.97 19.31 ,-9.05 8.88 ,-16.4 16.73 ,-7.53 7.51 ,-7.65 7.17 ,-17.01 17.22 ,-9.56 10.15 ,-19.06 20.61 ,-15.38 15.37 ,-18.57 18.75 ,-11.11 11.68 ,-6.55 6.53 ,-19.58 20.61 ,-22.22 20.67 ,-14.07 14.85 ,-8.36 8.7 ,-24.08 24.56 ,-8.77 9.07 ,-12.57 13.63 ,-3.09 2.89 ,-14.57 13.8 ,-14.93 14.35 ,-12.24 12.93 ,-17.64 17.77 ,-2.33 2.54 ,-6.04 5.42 ,-11.47 11.9 ,-12.68 11.81 ,-6.26 6.42 ,-17.16 16.87 ,-17.66 17.15 ,-26.71 24.49 ,-17.23 17.59 ,-3.12 2.97 ,-11.83 12.53 ,-3.52 3.42 ,-14.21 13.97 ,-12.17 11.81 ,-4.43 3.98 ,-13.51 13.31 ,-1.32 1.23 ,-14.5 14.17 ,-10.83 10.84 ,-19.45 19.92 ,
#p4-k2
4.13 -3.39 ,2.42 -1.25 ,2.89 -2.48 ,3.53 -3.8 ,5.07 -4.64 ,5.62 -5.17 ,1.35 -1.41 ,0.47 0.21 ,3.7 -3.13 ,2.65 -2.38 ,2.06 -1.31 ,2.89 -2.63 ,-2.3 5.35 ,0.18 2.04 ,-2.43 4.37 ,2.2 -1.5 ,1.67 -1.54 ,-1.72 3.95 ,-0.93 3.29 ,1.37 -0.45 ,2.52 -1.89 ,1.31 -1.08 ,0.39 1.12 ,2.15 -2.14 ,3.22 -2.56 ,1.48 -1.47 ,1.72 -1.44 ,1.16 -0.53 ,1.53 -0.7 ,3.88 -3.86 ,4.32 -3.63 ,1.51 -1.25 ,2.83 -1.58 ,4.53 -2.87 ,-0.52 3.54 ,0.05 1.25 ,2.33 -2.1 ,0.03 1.85 ,0.22 0.34 ,0.43 1.23 ,0.15 0.87 ,3.96 -2.38 ,-0.76 1.17 ,-0.12 2.17 ,0.27 -0.12 ,1.63 -0.53 ,1.65 -1.53 ,1.82 -0.54 ,0.49 0.56 ,1.17 -0.49 ,1.34 -1.34 ,2.43 -0.27 ,0.75 -0.26 ,0.35 -0.22 ,0.73 -0.02 ,1.25 -0.7 ,2.73 -1.69 ,0.59 0.4 ,1.16 -0.98 ,-0.9 1.93 ,1.16 -0.93 ,1.98 0.02 ,-0.25 1.41 ,2.75 -1.93 ,1.98 -1.61 ,0.08 -0.12 ,-0.32 2.83 ,0.15 1.33 ,2.03 -1.63 ,2.96 -2.43 ,-3.13 5.44 ,1.73 -1.53 ,-0.88 2.37 ,-0.2 1.2 ,-1.24 3.02 ,-3.85 4.92 ,1.32 -1.09 ,0.25 1.16 ,-0.46 1.69 ,0.91 -0.55 ,0.16 0.29 ,2.37 -2.37 ,1.11 -0.72 ,1.73 0.36 ,2.0 -0.43 ,1.89 -0.61 ,1.47 -1.24 ,2.58 -2.23 ,2.64 -2.28 ,
#p4-k3
0.55 -0.9 ,-5.02 4.84 ,2.25 -2.35 ,-0.25 0.09 ,0.89 -0.73 ,1.0 -1.31 ,0.15 -0.54 ,0.85 -0.98 ,1.43 -1.47 ,0.8 -1.42 ,1.13 -1.17 ,-0.81 0.38 ,-8.94 8.09 ,0.6 -0.75 ,-5.86 5.55 ,-3.23 2.51 ,-7.72 7.41 ,-1.79 1.72 ,-11.49 11.02 ,0.46 -0.32 ,-10.26 9.58 ,0.18 -0.79 ,1.01 -1.2 ,-3.1 3.11 ,-4.88 4.17 ,-9.99 9.35 ,-12.44 11.39 ,-9.08 7.87 ,-5.56 4.91 ,-0.97 0.15 ,-7.61 6.83 ,-16.7 14.96 ,-5.83 5.19 ,-2.48 1.4 ,-11.63 10.92 ,-7.65 6.46 ,-3.85 3.84 ,-1.26 0.56 ,-1.31 1.03 ,-5.84 6.01 ,-1.58 1.14 ,-9.03 9.05 ,-1.6 1.17 ,-2.03 2.03 ,-7.95 7.78 ,-9.93 8.71 ,-4.91 4.37 ,-5.49 4.52 ,-11.71 11.26 ,-2.75 2.22 ,-5.52 4.38 ,0.2 -0.77 ,-1.27 0.87 ,-18.66 18.14 ,-6.58 6.12 ,-10.67 8.69 ,-4.83 4.67 ,-1.21 0.38 ,-13.21 12.41 ,0.02 -0.19 ,-3.03 3.52 ,-5.41 5.19 ,-2.84 2.85 ,-5.74 5.65 ,-5.84 5.92 ,0.94 -0.96 ,-2.34 1.95 ,-5.07 4.77 ,-15.06 14.78 ,-3.52 3.42 ,-3.63 3.41 ,-8.79 7.84 ,-5.77 5.44 ,-5.36 5.07 ,-0.6 0.53 ,-9.84 9.57 ,-9.75 9.45 ,-2.47 1.93 ,-9.81 9.28 ,-9.78 9.35 ,-2.59 1.69 ,-8.79 8.5 ,-12.51 11.06 ,-7.98 8.1 ,-14.97 14.73 ,-20.74 20.03 ,-5.83 4.29 ,-1.92 1.78 ,-3.98 3.95 ,
#p4-k4
-1.84 2.29 ,6.06 -6.15 ,1.2 -1.03 ,-0.05 0.47 ,-0.33 0.23 ,1.86 -1.88 ,0.83 -0.71 ,0.34 -0.19 ,3.35 -3.66 ,1.88 -2.51 ,1.78 -1.95 ,0.46 -0.25 ,3.78 -4.22 ,0.56 -0.45 ,-14.13 12.99 ,-8.89 8.93 ,-2.26 2.25 ,-11.04 11.08 ,-7.39 7.16 ,-10.24 10.01 ,-3.3 3.58 ,-4.91 5.11 ,-20.71 20.85 ,-13.51 13.93 ,-8.23 7.55 ,-18.58 15.99 ,0.44 -0.19 ,-1.1 0.49 ,-21.75 22.71 ,-17.04 16.04 ,-11.88 12.37 ,-4.9 5.4 ,-12.21 11.93 ,-10.08 10.69 ,-8.06 6.77 ,1.95 -1.73 ,-9.76 9.84 ,-5.98 5.86 ,-13.49 14.57 ,-2.38 2.58 ,-11.19 10.8 ,-4.75 5.68 ,-5.34 5.69 ,-16.17 16.8 ,-10.0 9.96 ,-7.28 7.26 ,-8.29 8.27 ,-15.1 15.42 ,-0.15 0.33 ,-13.24 13.27 ,-7.42 7.86 ,-4.76 4.41 ,-14.25 15.47 ,-18.82 18.94 ,-28.71 29.3 ,-6.1 6.36 ,-22.07 23.53 ,-12.13 13.4 ,-2.99 3.32 ,-19.84 20.63 ,-8.86 8.59 ,-16.82 17.31 ,-5.07 4.79 ,-17.07 17.2 ,-16.4 17.13 ,-10.48 11.45 ,-16.72 15.59 ,-16.33 16.44 ,-0.27 0.51 ,-3.35 3.54 ,-7.97 8.57 ,0.77 -1.28 ,-35.84 35.84 ,-5.37 6.03 ,-11.25 11.5 ,-7.37 7.53 ,-12.05 12.18 ,-1.21 1.74 ,-10.85 10.7 ,-12.44 12.24 ,-12.31 11.86 ,-10.9 11.66 ,-4.24 4.73 ,0.84 -0.75 ,-6.36 6.91 ,-31.03 32.19 ,-8.4 8.83 ,-15.06 14.82 ,-30.97 30.86 ,-5.59 5.92 ,-12.36 12.8 ,
#p5-k0
-0.93 1.61 ,1.1 -1.06 ,-2.33 2.19 ,0.68 0.18 ,1.41 -1.06 ,0.26 -0.55 ,-3.65 4.61 ,-2.06 1.77 ,1.05 -0.94 ,-2.05 2.24 ,-0.18 0.21 ,1.44 -1.39 ,-5.14 7.03 ,-5.6 5.78 ,-5.37 5.53 ,-11.54 11.11 ,-9.58 7.92 ,-3.94 3.41 ,0.66 -0.49 ,-6.11 7.16 ,-4.82 4.57 ,-5.42 6.46 ,-7.83 9.59 ,-5.77 6.26 ,-8.22 7.13 ,-4.16 4.79 ,-5.18 4.94 ,-6.25 6.49 ,-4.25 3.99 ,-4.54 4.56 ,-1.26 1.26 ,-1.93 1.98 ,-8.39 9.04 ,-5.75 5.97 ,-7.84 6.3 ,-9.01 9.39 ,-8.37 7.71 ,-6.23 6.33 ,-9.43 9.76 ,-2.79 2.35 ,-9.98 8.16 ,-5.81 4.36 ,-4.82 4.73 ,-3.91 2.86 ,-7.8 8.75 ,-6.59 7.01 ,-0.36 0.53 ,-3.2 3.87 ,-5.63 4.78 ,-6.92 7.42 ,-2.61 2.77 ,-9.86 10.51 ,-5.31 5.7 ,-1.71 1.56 ,-6.42 7.28 ,-10.78 11.34 ,-3.72 3.6 ,-4.95 5.28 ,-6.26 6.24 ,-6.21 5.89 ,-6.24 6.61 ,-5.44 6.48 ,-6.92 6.68 ,-2.19 2.02 ,-9.24 8.73 ,-7.5 6.8 ,-7.41 6.79 ,-6.05 5.7 ,-9.49 9.19 ,-7.48 8.89 ,-1.97 1.25 ,-5.94 6.04 ,-1.98 2.33 ,-7.38 7.08 ,-4.47 3.08 ,-4.05 3.79 ,-5.08 5.52 ,-2.74 2.36 ,-5.53 5.51 ,-5.25 5.05 ,-11.69 10.35 ,-7.29 7.02 ,-2.11 0.66 ,-12.09 12.87 ,-2.94 2.73 ,-7.48 7.74 ,-8.06 7.84 ,-2.49 2.78 ,-12.69 12.69 ,
#p5-k1
0.07 -0.32 ,0.53 -0.53 ,0.38 -0.61 ,1.44 -1.65 ,1.79 -1.96 ,-1.48 1.32 ,0.25 -0.44 ,0.84 -0.95 ,-3.85 3.37 ,-7.72 7.55 ,0.66 -0.65 ,1.93 -1.67 ,-13.22 11.65 ,-11.09 10.98 ,-2.29 2.4 ,-20.69 20.94 ,-3.18 2.46 ,-19.64 17.12 ,-13.14 13.29 ,-19.99 20.14 ,-2.75 2.47 ,-2.91 2.52 ,-9.95 8.55 ,-12.19 11.96 ,-4.11 3.99 ,-12.21 11.26 ,-10.21 9.98 ,-13.9 14.02 ,-10.38 10.36 ,-11.4 10.53 ,-6.85 5.94 ,-4.42 3.83 ,-9.76 9.88 ,-25.45 25.43 ,-23.04 22.6 ,-5.9 5.66 ,-13.55 11.88 ,-10.05 9.78 ,-6.53 6.14 ,-6.57 5.57 ,-29.97 30.28 ,-11.96 10.84 ,-4.3 4.41 ,-11.65 10.64 ,-6.23 6.35 ,-22.66 20.96 ,-16.68 15.49 ,-14.63 13.48 ,-6.75 7.64 ,-11.22 9.8 ,-0.23 -0.04 ,-11.1 11.03 ,-4.51 3.75 ,-0.18 0.07 ,-20.71 19.08 ,-4.14 3.29 ,-0.8 0.27 ,-6.24 6.15 ,-22.4 21.12 ,1.48 -1.58 ,-4.49 4.44 ,-17.88 16.78 ,-0.52 0.59 ,-23.15 22.31 ,-11.41 11.91 ,0.59 -0.54 ,-18.57 17.93 ,-17.31 16.45 ,-14.6 13.2 ,-13.83 11.55 ,-14.06 13.15 ,-14.0 13.43 ,-3.49 3.16 ,-5.45 4.82 ,-11.23 10.55 ,-0.87 0.67 ,-4.76 3.99 ,-4.56 4.62 ,-12.61 11.12 ,-12.39 12.49 ,-7.49 7.08 ,-5.56 6.1 ,-15.09 14.99 ,-13.38 12.8 ,-3.64 3.49 ,-4.49 3.94 ,-2.46 2.08 ,-15.26 14.34 ,-10.79 10.02 ,
#p5-k2
-0.59 -0.51 ,-2.17 0.97 ,-2.97 1.12 ,-0.3 -0.89 ,-3.46 3.06 ,-7.07 4.94 ,-1.77 0.57 ,-0.97 0.06 ,-0.05 -1.25 ,-0.08 -0.28 ,-0.84 -0.15 ,0.95 -1.75 ,-6.36 4.39 ,-7.81 5.88 ,-6.81 5.14 ,-13.46 11.44 ,-5.05 3.44 ,-9.91 7.98 ,-4.95 2.82 ,-5.89 3.77 ,-5.84 4.31 ,-11.33 9.74 ,-6.41 5.09 ,-5.31 5.24 ,-9.46 7.93 ,-9.72 8.0 ,-1.13 0.26 ,-2.03 1.34 ,-6.77 5.14 ,-2.28 1.36 ,-3.32 2.64 ,-8.42 6.84 ,-4.47 2.96 ,-5.27 3.68 ,-10.8 9.42 ,-10.66 7.67 ,-7.05 5.41 ,-6.58 5.68 ,0.97 -1.25 ,-11.89 10.56 ,-8.61 7.08 ,-11.45 9.26 ,-4.69 3.07 ,-8.94 7.21 ,-5.74 4.21 ,-4.37 2.7 ,-4.71 3.02 ,-0.42 -0.18 ,-4.26 3.8 ,-3.41 2.23 ,-10.66 9.39 ,-11.74 8.31 ,-11.95 11.91 ,-4.5 3.4 ,-0.84 0.04 ,-12.81 11.03 ,-12.19 10.32 ,-8.32 7.51 ,-7.1 5.61 ,-6.18 4.7 ,-10.42 8.63 ,-8.7 6.2 ,-10.77 7.61 ,-11.73 9.41 ,-11.32 9.82 ,-7.2 5.25 ,-4.33 3.51 ,-2.17 1.44 ,-7.79 6.42 ,-0.81 0.22 ,-6.97 6.06 ,-4.46 3.21 ,-4.52 3.82 ,-6.49 4.93 ,-2.82 1.7 ,-3.66 3.52 ,-7.4 6.62 ,-5.35 3.65 ,-6.31 4.66 ,-11.08 9.62 ,-11.05 8.29 ,-7.26 5.49 ,-7.86 5.92 ,-9.48 7.84 ,-5.58 4.1 ,-4.57 3.31 ,-4.32 3.73 ,-9.67 8.12 ,-8.83 6.65 ,
#p5-k3
4.32 -4.68 ,7.11 -6.61 ,5.94 -5.88 ,5.4 -5.84 ,6.24 -6.1 ,5.35 -4.84 ,6.48 -6.03 ,6.0 -5.23 ,2.54 -3.33 ,4.62 -4.28 ,5.97 -5.45 ,6.31 -5.44 ,-6.79 3.98 ,-1.5 1.53 ,-8.17 7.1 ,-2.12 1.02 ,-3.61 3.12 ,0.69 -1.63 ,-2.23 2.35 ,-4.09 3.66 ,-0.24 -0.32 ,1.69 -2.17 ,-1.7 0.94 ,-5.08 3.92 ,-1.27 0.63 ,-1.57 1.89 ,-5.21 4.17 ,2.72 -1.98 ,0.27 0.21 ,-0.7 0.64 ,-4.53 4.22 ,-2.52 2.81 ,-1.06 1.09 ,-7.61 6.4 ,-1.81 1.72 ,-4.42 3.46 ,0.76 -0.72 ,-5.97 4.84 ,4.43 -4.14 ,-9.58 8.04 ,-0.17 0.53 ,0.5 -0.18 ,2.62 -2.21 ,3.84 -3.71 ,-4.88 3.86 ,-4.83 3.24 ,-3.91 3.84 ,-6.53 6.88 ,4.6 -4.03 ,-2.31 0.94 ,3.27 -3.04 ,-0.79 1.33 ,-2.76 3.05 ,-5.49 4.59 ,-2.41 1.86 ,-0.56 0.83 ,-5.27 4.16 ,3.38 -3.55 ,-3.38 3.21 ,-4.1 3.74 ,-1.82 1.92 ,0.73 -1.09 ,-4.07 3.78 ,0.03 -0.15 ,-2.43 1.32 ,-4.54 2.23 ,-5.95 4.2 ,-6.48 5.13 ,-2.66 1.83 ,3.4 -3.73 ,-3.45 2.4 ,-4.28 3.46 ,-1.05 0.81 ,-4.54 3.56 ,0.78 -0.38 ,6.17 -5.73 ,-5.38 4.43 ,1.1 0.1 ,-4.23 2.97 ,-3.25 2.06 ,1.65 -2.29 ,-4.53 3.25 ,-3.21 3.06 ,-1.66 0.39 ,4.35 -4.12 ,-3.13 1.33 ,-0.88 -0.64 ,-2.84 1.09 ,-8.61 6.67 ,
#p5-k4
1.27 -1.28 ,0.43 -0.7 ,1.03 -1.28 ,1.41 -1.98 ,-6.81 6.14 ,0.45 -0.68 ,0.73 -1.07 ,1.07 -1.25 ,-3.81 3.32 ,0.94 -1.11 ,0.56 -0.66 ,-0.19 0.05 ,-0.11 -0.47 ,-3.46 2.97 ,0.21 -0.52 ,-11.86 11.16 ,-13.99 12.87 ,-22.22 20.58 ,-21.14 19.97 ,-9.01 8.17 ,-7.18 6.49 ,-5.29 5.07 ,-11.04 10.83 ,-11.51 10.4 ,-28.03 26.51 ,-3.15 2.87 ,-4.74 3.91 ,-1.43 1.01 ,-7.95 6.49 ,-39.08 38.55 ,-5.64 4.88 ,-17.74 15.41 ,-31.34 29.47 ,-8.25 7.77 ,-15.59 14.33 ,-9.85 9.49 ,-38.23 37.52 ,-19.47 17.61 ,-2.71 2.06 ,-13.45 12.62 ,-13.94 13.38 ,-28.52 27.48 ,-4.92 4.18 ,-4.64 4.68 ,1.25 -1.46 ,-5.43 5.22 ,-6.18 5.78 ,-13.47 12.58 ,-15.6 15.28 ,-9.68 9.36 ,-8.97 8.72 ,-12.38 12.22 ,-2.96 2.47 ,-7.2 6.3 ,-10.43 10.07 ,-18.33 18.23 ,-2.56 2.22 ,-2.09 1.21 ,-5.19 4.85 ,-0.72 0.84 ,-5.7 5.07 ,-3.02 2.77 ,-3.45 3.35 ,-27.59 26.37 ,-10.69 8.95 ,-2.26 1.88 ,-1.53 1.18 ,-8.45 7.88 ,-6.55 5.75 ,-28.13 27.37 ,-12.15 11.93 ,-4.65 4.1 ,-11.58 10.99 ,-4.48 3.97 ,-11.7 10.74 ,-4.66 4.22 ,-10.68 10.72 ,-2.53 2.18 ,-13.95 12.99 ,-0.22 -0.3 ,-10.04 9.91 ,-11.93 12.03 ,-9.53 9.08 ,-4.25 3.59 ,-18.01 16.76 ,-18.14 17.17 ,-4.66 4.26 ,-5.15 4.37 ,-8.92 8.41 ,-7.01 6.67 ,-11.92 10.73 ,
#p6-k0
1.87 -3.14 ,2.34 -2.12 ,-0.25 -0.39 ,3.74 -3.55 ,4.46 -4.11 ,2.09 -1.77 ,1.79 -2.0 ,3.6 -3.04 ,2.55 -2.24 ,5.05 -4.59 ,1.31 -1.87 ,1.03 -1.45 ,2.58 -2.63 ,-1.82 1.56 ,-4.21 2.45 ,0.63 -1.47 ,-0.88 0.91 ,-6.98 5.49 ,-2.92 2.02 ,-2.31 -0.77 ,-0.74 -0.42 ,0.61 -1.44 ,-0.18 -0.3 ,0.1 -0.69 ,0.35 -0.86 ,1.96 -2.55 ,2.56 -2.58 ,-1.16 0.79 ,2.37 -2.13 ,2.56 -2.39 ,0.6 -0.97 ,-0.58 -0.43 ,0.2 0.39 ,1.18 -0.84 ,-1.18 -0.27 ,1.48 -1.81 ,-1.26 0.36 ,-0.74 0.05 ,0.46 -0.8 ,0.04 -1.2 ,2.26 -2.43 ,0.94 -0.96 ,-5.03 3.39 ,-3.1 2.79 ,0.91 -1.83 ,-2.16 1.02 ,-4.97 4.3 ,1.27 -1.43 ,3.69 -3.63 ,1.02 -1.2 ,2.69 -2.55 ,1.23 -1.25 ,-1.67 1.15 ,1.88 -1.9 ,1.4 -1.33 ,-2.78 2.47 ,4.4 -3.27 ,-5.71 4.69 ,0.02 -0.71 ,0.72 -1.05 ,1.62 -1.56 ,2.05 -2.05 ,0.7 -0.79 ,2.09 -2.86 ,-4.27 2.43 ,1.77 -1.71 ,3.57 -3.41 ,0.04 -0.52 ,0.19 -0.68 ,2.7 -3.12 ,1.14 -1.21 ,0.47 -0.25 ,0.07 -0.3 ,-4.21 3.36 ,3.13 -3.91 ,-5.5 5.11 ,0.51 -1.03 ,1.99 -1.76 ,1.87 -1.92 ,1.22 -1.62 ,1.62 -2.14 ,1.64 -1.98 ,-1.97 0.7 ,-0.59 -0.21 ,-2.71 1.6 ,1.1 -1.53 ,-1.11 0.03 ,-0.37 0.25 ,1.97 -2.53 ,
#p6-k1
0.02 -0.03 ,-0.38 0.23 ,0.98 -1.17 ,1.23 -1.04 ,1.3 -0.96 ,-0.53 0.58 ,-0.38 0.8 ,1.63 -1.62 ,0.93 -0.88 ,-0.11 0.48 ,-1.7 1.51 ,2.21 -2.35 ,-7.9 8.32 ,-3.22 3.26 ,-5.56 6.74 ,-4.39 5.78 ,-4.05 4.89 ,-7.37 9.42 ,0.2 -0.13 ,1.49 -1.61 ,-5.96 7.16 ,-7.71 7.89 ,-2.79 2.74 ,-6.28 6.4 ,-7.4 8.64 ,-7.98 9.3 ,-4.29 4.85 ,-5.35 5.88 ,-6.95 6.82 ,-6.69 7.05 ,-7.9 8.81 ,-3.76 4.84 ,-7.29 7.82 ,-1.97 3.06 ,-3.01 3.01 ,-3.26 4.08 ,-6.17 6.71 ,-4.92 6.58 ,-11.39 12.69 ,-7.34 8.69 ,-7.81 7.5 ,-6.27 6.9 ,-6.86 7.23 ,-0.26 0.09 ,-6.31 7.1 ,-9.83 10.94 ,-5.92 6.44 ,-8.06 9.67 ,-5.44 5.93 ,-7.57 8.4 ,-3.1 3.26 ,-5.57 5.37 ,-7.13 8.66 ,-9.89 10.85 ,-8.57 8.27 ,-2.62 2.88 ,-9.24 9.39 ,-9.16 10.22 ,-2.26 3.06 ,-6.34 7.24 ,-2.59 2.11 ,-5.97 8.2 ,-4.38 4.54 ,-2.16 2.23 ,-4.99 5.53 ,-9.24 10.65 ,-6.01 7.07 ,-4.41 5.27 ,-6.17 6.37 ,-7.32 8.89 ,-9.38 9.62 ,-3.47 4.04 ,-7.75 8.37 ,-7.03 6.74 ,-7.21 8.38 ,-4.87 5.2 ,-3.99 4.6 ,-4.11 4.16 ,-7.76 8.28 ,-2.6 2.5 ,-5.89 6.94 ,-5.59 6.11 ,-8.91 9.5 ,-5.22 6.22 ,-3.32 3.8 ,-8.1 9.78 ,-2.72 3.49 ,-5.41 5.69 ,-8.64 9.01 ,
#p6-k2
-5.25 4.65 ,-1.58 2.43 ,2.28 -2.41 ,2.33 -2.0 ,0.78 -0.69 ,2.24 -2.17 ,1.0 -1.24 ,1.94 -1.87 ,2.74 -2.86 ,-0.03 -0.19 ,1.53 -1.86 ,0.38 -0.42 ,-11.85 12.02 ,-4.74 5.21 ,-3.0 2.63 ,-8.41 8.28 ,-13.42 12.23 ,-10.26 8.43 ,0.1 -0.38 ,-21.29 21.31 ,-12.3 11.0 ,-14.21 13.43 ,-5.67 5.74 ,-18.07 15.95 ,-8.41 9.37 ,-9.44 9.82 ,-3.34 2.76 ,-7.96 8.2 ,-16.15 15.34 ,-10.84 9.94 ,-9.13 8.74 ,-3.84 3.4 ,-5.2 5.19 ,-7.61 6.16 ,-10.52 9.64 ,-6.06 6.47 ,-21.27 19.82 ,-13.83 13.06 ,-7.71 6.45 ,-14.4 12.69 ,-8.83 8.03 ,-17.34 16.48 ,-17.94 16.28 ,-11.14 10.5 ,-11.19 11.19 ,-3.43 3.49 ,-15.12 15.03 ,-5.35 4.84 ,-6.16 5.54 ,-11.87 11.03 ,-3.63 2.43 ,-9.84 9.14 ,-1.48 1.82 ,-4.56 3.5 ,-8.23 7.91 ,-4.69 4.26 ,-12.95 10.39 ,-13.79 11.64 ,-0.14 0.13 ,-14.73 15.79 ,-12.42 11.12 ,-6.43 6.32 ,-5.28 5.82 ,-4.02 3.53 ,-16.44 14.65 ,-19.7 18.22 ,-6.89 5.32 ,1.22 -1.19 ,0.05 -0.35 ,-14.23 13.14 ,-3.75 3.17 ,-19.57 16.94 ,-7.63 8.33 ,-15.58 14.4 ,1.58 -1.87 ,-9.05 9.53 ,-9.74 9.6 ,-16.55 14.95 ,-4.23 4.26 ,-3.21 2.46 ,-9.7 10.19 ,-6.81 6.59 ,-8.08 7.81 ,-4.65 4.17 ,-18.12 16.76 ,-18.8 16.58 ,-10.62 10.11 ,-19.35 17.16 ,-3.02 3.01 ,
#p6-k3
0.38 -0.59 ,0.48 -0.58 ,0.49 -0.85 ,-0.85 0.27 ,-4.56 4.34 ,1.56 -1.42 ,0.34 -0.48 ,-0.96 0.68 ,0.97 -1.17 ,-1.98 1.25 ,1.97 -2.26 ,-0.29 -0.23 ,-1.52 1.21 ,-9.66 8.89 ,-1.5 1.55 ,-1.97 1.51 ,-2.99 1.79 ,-8.73 8.22 ,-9.75 9.29 ,-5.78 5.63 ,-0.12 -0.02 ,-10.5 9.73 ,-6.09 5.61 ,0.02 0.11 ,-2.6 1.76 ,-0.83 1.0 ,-7.78 6.5 ,-3.41 3.11 ,-1.9 1.18 ,-10.03 8.53 ,-6.91 6.04 ,-11.05 10.57 ,-8.46 8.35 ,-4.74 3.64 ,-8.8 7.13 ,-7.83 7.06 ,-1.72 1.1 ,-9.36 8.4 ,-14.93 14.62 ,-7.18 6.64 ,-10.88 9.98 ,-5.96 5.35 ,-0.32 -0.25 ,-6.97 6.51 ,-10.81 10.33 ,-4.59 3.74 ,-3.97 3.51 ,-9.85 9.58 ,0.66 -1.03 ,-4.7 4.04 ,-12.79 11.93 ,-2.8 2.17 ,-5.4 5.4 ,-4.86 4.34 ,-6.33 5.71 ,-9.43 8.8 ,-2.37 1.6 ,-12.95 12.81 ,-4.43 3.53 ,-5.34 5.0 ,-6.47 6.14 ,-9.12 8.61 ,-9.57 8.02 ,-2.56 1.32 ,-7.03 7.17 ,-5.76 5.53 ,-3.17 3.0 ,-4.27 3.92 ,-16.4 15.0 ,-7.89 6.64 ,-12.09 11.9 ,-5.82 4.65 ,-11.22 10.34 ,1.01 -1.13 ,-3.69 3.1 ,-9.47 8.84 ,-10.71 9.64 ,-7.35 6.77 ,-4.14 3.28 ,-1.36 0.95 ,-7.12 5.15 ,-11.97 11.08 ,-7.3 7.54 ,-10.24 9.4 ,-1.52 1.41 ,-1.11 0.74 ,-17.1 15.44 ,-3.95 2.97 ,-5.41 5.22 ,
#p6-k4
1.95 -1.9 ,0.46 -0.62 ,-9.04 8.31 ,-0.18 0.34 ,-3.78 3.92 ,-19.78 20.16 ,-0.12 0.17 ,-3.33 3.2 ,2.06 -1.97 ,-8.98 8.93 ,-0.74 0.78 ,-3.65 3.31 ,1.73 -1.52 ,1.04 -0.99 ,-9.89 10.23 ,-1.29 1.58 ,-17.82 17.6 ,-13.9 13.91 ,-10.11 10.37 ,-1.29 1.21 ,-25.45 25.15 ,-0.13 -0.01 ,-15.65 16.06 ,-0.8 1.08 ,-13.69 13.87 ,-48.52 49.05 ,-78.17 76.74 ,-17.53 16.95 ,-11.58 12.26 ,-12.95 12.89 ,-13.99 13.49 ,-45.59 45.18 ,-7.71 8.27 ,-4.6 5.28 ,-9.16 10.38 ,-46.43 45.38 ,-6.84 7.02 ,-9.0 9.6 ,-22.58 23.61 ,-9.97 9.89 ,-3.95 3.47 ,-14.98 15.7 ,-13.26 13.69 ,-12.8 12.9 ,-37.81 38.21 ,-1.11 0.7 ,-30.55 31.79 ,-51.02 49.68 ,-7.0 6.74 ,-15.4 16.48 ,-2.69 2.42 ,-2.99 3.03 ,-10.96 11.03 ,-1.89 2.14 ,-1.44 1.35 ,-9.36 9.23 ,-24.49 25.06 ,-16.22 16.5 ,-1.93 2.64 ,-44.82 44.0 ,0.65 -0.51 ,-4.51 4.17 ,-0.65 0.53 ,-30.06 30.46 ,-15.63 16.02 ,-17.21 17.42 ,-12.0 12.68 ,-10.08 11.35 ,-5.05 5.12 ,-22.58 23.35 ,-9.55 10.23 ,-24.21 24.31 ,-5.64 5.52 ,-16.75 16.72 ,-4.49 5.16 ,-2.95 3.02 ,-22.32 21.53 ,-43.79 45.0 ,-8.4 7.8 ,-39.24 39.49 ,-24.2 24.24 ,-5.62 5.45 ,-28.74 27.53 ,-22.59 22.92 ,-35.32 34.95 ,-24.29 23.68 ,-26.56 26.81 ,-1.56 0.9 ,-6.26 6.21 ,-30.17 31.23 ,-11.1 10.44 ,
#p7-k0
1.53 -2.44 ,1.25 -1.77 ,0.08 -0.54 ,0.1 -0.97 ,1.57 -2.28 ,-2.96 3.53 ,1.04 -1.73 ,-0.74 0.27 ,3.31 -3.62 ,0.76 -1.35 ,1.08 -1.06 ,-0.45 0.05 ,-0.68 -0.05 ,-1.8 1.77 ,-2.78 1.62 ,0.13 -0.23 ,-0.82 -0.45 ,-1.73 1.4 ,-2.3 3.88 ,-2.44 3.71 ,0.59 -0.29 ,-4.99 5.55 ,-0.81 1.06 ,0.36 -0.45 ,0.5 0.32 ,-1.28 0.44 ,1.4 -1.28 ,-2.56 2.36 ,-2.55 2.56 ,0.42 -1.04 ,-3.43 2.92 ,-0.83 -0.14 ,-5.27 6.33 ,-3.58 3.81 ,-0.99 1.3 ,-0.45 0.04 ,0.89 -0.27 ,-4.53 4.81 ,0.18 -0.51 ,-1.59 1.51 ,0.27 -0.34 ,-1.43 1.16 ,-2.83 2.34 ,2.46 -2.99 ,-3.28 3.24 ,0.78 -0.8 ,-0.16 -0.51 ,1.0 -0.85 ,-1.79 2.29 ,-1.43 0.94 ,1.81 -2.21 ,0.35 0.18 ,-3.8 3.65 ,-2.76 2.43 ,-0.6 0.67 ,0.18 -0.54 ,-1.05 -0.41 ,2.32 -2.96 ,-3.2 4.08 ,-3.85 3.16 ,-3.44 4.02 ,-3.9 5.08 ,1.99 -2.42 ,-4.32 4.63 ,-0.64 0.93 ,-2.15 3.35 ,1.43 -1.98 ,-1.96 1.09 ,-5.59 5.61 ,-3.98 4.24 ,0.08 -0.22 ,-0.58 -0.03 ,-4.15 4.38 ,1.35 -2.2 ,-3.16 2.8 ,0.09 -0.67 ,-1.6 0.94 ,-5.99 6.61 ,-2.13 2.17 ,-2.15 2.42 ,-0.02 0.57 ,-1.86 1.58 ,-2.27 2.46 ,0.21 0.18 ,-2.38 1.79 ,0.38 0.04 ,-2.74 2.65 ,-1.09 0.94 ,-4.23 4.82 ,
#p7-k1
2.31 -2.32 ,1.68 -1.77 ,1.74 -1.85 ,2.53 -2.66 ,2.98 -2.87 ,1.03 -0.9 ,2.92 -2.94 ,1.65 -1.69 ,1.79 -1.92 ,1.57 -1.68 ,2.66 -2.63 ,1.79 -2.03 ,2.06 -2.21 ,-0.8 1.23 ,-1.14 1.11 ,-3.55 4.04 ,-9.72 10.25 ,-16.52 15.42 ,-10.05 9.78 ,-13.99 13.74 ,-7.28 6.96 ,-9.12 10.36 ,-2.69 2.35 ,-7.93 7.57 ,1.39 -1.54 ,-1.85 1.91 ,1.59 -1.71 ,-13.78 14.61 ,-7.96 8.29 ,-11.67 11.54 ,-4.4 4.02 ,-5.36 4.87 ,-1.31 0.57 ,-2.39 1.98 ,-8.55 9.7 ,1.18 -1.23 ,-6.13 5.66 ,1.44 -2.03 ,-13.27 13.27 ,-3.15 2.26 ,-9.01 8.37 ,-1.76 1.1 ,-20.82 20.79 ,-1.12 1.13 ,-2.55 2.35 ,-1.04 0.31 ,1.19 -1.34 ,-11.95 12.25 ,1.32 -1.77 ,1.32 -1.21 ,-2.38 2.45 ,-20.59 20.78 ,2.51 -2.7 ,-10.66 10.27 ,-2.55 2.59 ,-2.23 1.76 ,-5.66 5.76 ,1.36 -1.59 ,-1.48 1.07 ,-3.22 3.1 ,1.64 -1.88 ,-3.49 3.09 ,1.55 -1.6 ,1.77 -1.68 ,-0.36 -0.13 ,-8.34 6.77 ,0.7 -1.05 ,-26.64 25.23 ,-9.6 9.41 ,0.56 -0.71 ,0.43 -0.68 ,-10.56 9.45 ,0.38 -0.81 ,-1.81 1.03 ,2.33 -2.46 ,-1.95 2.11 ,0.87 -1.4 ,-12.08 12.12 ,-2.86 2.22 ,-0.02 0.03 ,0.23 -0.46 ,-2.65 2.26 ,-0.73 0.49 ,-19.81 19.19 ,-0.2 0.14 ,-6.77 5.78 ,-7.43 7.62 ,-1.63 1.89 ,-0.2 0.43 ,
#p7-k2
0.69 -1.23 ,1.66 -1.71 ,2.16 -2.25 ,0.85 -0.89 ,0.22 -0.23 ,1.8 -1.75 ,-1.83 1.6 ,1.45 -1.61 ,2.07 -1.79 ,1.63 -1.62 ,2.02 -1.74 ,1.68 -1.55 ,-8.51 9.06 ,-1.82 1.57 ,-1.54 1.59 ,-2.94 3.24 ,-4.88 5.4 ,-1.38 1.2 ,-14.43 13.66 ,-4.88 5.6 ,-6.5 5.43 ,-5.28 5.41 ,-6.47 6.73 ,-8.08 8.64 ,-4.13 4.33 ,-8.25 7.26 ,-5.42 5.57 ,-3.21 4.56 ,-2.95 2.51 ,0.78 -0.69 ,-4.86 4.29 ,-3.06 2.99 ,-9.29 9.94 ,-5.76 5.9 ,1.59 -1.09 ,-7.54 7.18 ,-7.36 7.31 ,-11.1 11.23 ,-8.28 7.01 ,-3.66 3.1 ,-2.16 2.6 ,-8.62 8.38 ,-2.54 2.58 ,-13.06 12.61 ,-3.1 3.62 ,-6.06 4.81 ,-7.43 6.57 ,-11.01 10.54 ,-13.97 13.1 ,-4.55 4.3 ,-7.51 6.56 ,-5.16 5.16 ,-8.36 7.69 ,-4.72 4.76 ,-4.53 3.53 ,-10.3 9.87 ,-8.76 8.67 ,-4.85 4.48 ,-9.52 9.72 ,-0.15 0.28 ,-7.68 8.21 ,-8.94 8.77 ,-1.0 1.49 ,-4.98 4.91 ,-4.36 3.68 ,-3.52 3.49 ,-7.66 6.13 ,-7.99 9.63 ,-8.58 8.55 ,-7.28 7.34 ,-5.45 5.02 ,-5.72 5.81 ,-1.12 1.46 ,-5.93 4.69 ,-5.42 4.54 ,-1.03 1.3 ,-12.36 12.28 ,-6.11 5.65 ,-7.03 6.67 ,-4.05 4.7 ,-2.32 1.9 ,-9.18 9.33 ,-1.35 1.5 ,-7.36 7.09 ,-4.7 4.3 ,-6.76 6.37 ,-9.72 8.98 ,-7.18 6.91 ,-1.7 1.67 ,
#p7-k3
1.52 -1.07 ,0.73 -0.05 ,-0.23 1.25 ,-0.14 0.81 ,-1.82 2.34 ,-0.49 1.3 ,-4.36 5.41 ,1.89 -1.42 ,-1.35 1.75 ,-0.82 2.02 ,-0.94 2.54 ,-2.21 2.53 ,-6.76 7.62 ,-2.52 2.47 ,-2.66 4.05 ,-9.04 9.42 ,-2.35 3.99 ,-1.39 1.56 ,-4.15 3.52 ,-8.34 9.8 ,-4.8 5.82 ,-0.16 0.35 ,-7.06 9.04 ,-4.23 5.34 ,-5.87 8.25 ,-10.99 13.29 ,-1.19 2.37 ,-0.32 0.42 ,-5.85 6.51 ,-9.3 11.45 ,-5.99 6.49 ,-4.23 5.29 ,-0.38 0.61 ,-4.89 6.32 ,-0.32 1.19 ,-2.82 3.74 ,-7.33 9.11 ,-4.33 5.04 ,-1.29 2.01 ,-3.14 3.69 ,-2.46 3.09 ,-2.97 3.74 ,-5.16 5.69 ,-1.7 2.05 ,-1.43 1.92 ,-3.52 3.97 ,-8.07 9.74 ,-4.31 6.01 ,-10.96 12.01 ,-4.8 5.11 ,-8.68 10.58 ,-3.43 4.1 ,-2.56 2.99 ,-7.91 7.98 ,-4.86 6.79 ,-5.85 7.6 ,-5.95 6.29 ,-3.64 3.81 ,-7.03 9.4 ,-2.7 2.04 ,-6.35 7.79 ,-6.63 7.11 ,-8.36 10.01 ,-3.13 4.59 ,-3.22 4.03 ,-6.84 7.19 ,-5.81 6.71 ,-4.36 5.22 ,-3.95 4.77 ,-7.33 9.34 ,-5.68 7.31 ,-9.56 11.38 ,-2.26 3.08 ,-0.98 1.71 ,-6.44 7.4 ,-2.16 2.91 ,-4.82 5.09 ,-2.33 2.61 ,-7.04 8.59 ,-7.96 9.77 ,-6.23 7.34 ,-2.95 4.67 ,-3.59 5.04 ,-3.12 3.61 ,-5.77 7.16 ,-10.64 12.93 ,-4.02 5.33 ,-10.66 12.89 ,-4.91 5.61 ,
#p7-k4
-3.02 3.94 ,4.11 -3.57 ,1.79 -1.83 ,1.68 -1.17 ,3.17 -2.88 ,4.84 -4.6 ,4.58 -4.33 ,2.92 -2.92 ,2.72 -2.67 ,3.41 -2.44 ,2.75 -2.63 ,4.59 -4.38 ,-0.03 0.21 ,4.16 -3.91 ,-8.21 8.11 ,-2.69 3.4 ,4.13 -4.0 ,-10.05 9.48 ,-18.76 18.33 ,-17.53 19.28 ,-4.49 4.79 ,-5.24 5.98 ,-8.14 7.89 ,-4.63 4.76 ,-7.11 9.19 ,-1.78 1.98 ,-22.64 21.59 ,-3.97 4.18 ,1.47 -0.73 ,-11.85 12.73 ,2.87 -2.63 ,2.23 -1.48 ,-11.09 11.89 ,-7.97 7.9 ,2.89 -3.0 ,-7.0 7.47 ,1.57 -1.29 ,-0.6 1.86 ,-15.58 16.26 ,1.72 -2.08 ,-13.23 14.32 ,-10.68 11.37 ,2.73 -2.31 ,0.37 -0.64 ,-7.74 8.19 ,-8.24 10.16 ,-14.52 14.31 ,-1.4 1.64 ,3.79 -3.59 ,1.65 -1.42 ,-14.45 16.05 ,-13.94 15.45 ,-17.27 15.78 ,-9.47 9.74 ,-5.38 6.02 ,-3.04 4.07 ,-1.85 2.28 ,-11.55 13.8 ,4.13 -3.96 ,-14.23 14.83 ,2.04 -2.17 ,0.33 -0.16 ,-6.94 8.6 ,5.77 -5.62 ,-6.41 6.08 ,-8.31 9.3 ,-4.76 5.68 ,-14.18 15.33 ,1.59 -1.18 ,2.6 -2.61 ,-9.92 10.77 ,-6.6 6.67 ,-3.2 3.37 ,-0.97 1.68 ,-5.72 7.04 ,-14.9 15.63 ,-14.79 16.93 ,-1.01 1.71 ,-16.18 16.89 ,3.8 -3.19 ,-8.78 10.57 ,-11.83 11.78 ,-6.78 7.5 ,-0.66 0.55 ,3.01 -2.96 ,-1.57 2.79 ,-10.52 12.13 ,3.07 -3.28 ,-12.2 14.31 ,-9.62 11.79 ,-7.67 8.47 ,
#p8-k0
1.37 -1.63 ,-1.91 2.18 ,-1.04 1.21 ,-1.25 0.45 ,-1.27 0.98 ,-1.6 1.3 ,-4.27 4.07 ,-0.67 0.37 ,0.36 -1.01 ,-4.78 4.6 ,0.4 -0.55 ,0.25 -0.16 ,-6.79 6.06 ,-1.74 1.86 ,-6.22 5.49 ,-4.18 3.42 ,-4.81 3.86 ,-0.47 0.27 ,-8.8 8.45 ,-3.06 2.39 ,-10.48 10.05 ,-6.14 5.39 ,-10.33 9.4 ,-2.13 0.84 ,-3.96 3.77 ,-4.36 3.04 ,-8.85 8.6 ,-3.29 3.02 ,-3.11 3.16 ,-6.48 6.14 ,-1.97 1.55 ,-6.21 5.83 ,-7.48 7.34 ,-7.08 6.63 ,-9.78 9.33 ,-1.17 1.27 ,-3.56 4.05 ,-7.46 7.36 ,-7.78 6.84 ,-3.5 2.36 ,-8.72 9.0 ,-7.21 6.27 ,-0.33 0.07 ,-6.59 5.33 ,-2.4 1.69 ,-3.52 2.85 ,-4.4 3.92 ,-6.89 6.9 ,-10.18 9.57 ,-7.12 6.83 ,-5.08 4.78 ,-7.07 6.56 ,-5.02 5.01 ,-5.78 5.75 ,-6.51 6.08 ,-16.02 17.48 ,-8.11 8.17 ,-2.54 2.59 ,-5.4 5.55 ,-2.19 2.19 ,-6.6 6.36 ,-3.52 2.86 ,-1.54 1.17 ,-4.98 5.21 ,-12.03 10.88 ,-7.78 7.9 ,-8.54 7.57 ,-4.42 4.25 ,-8.45 8.84 ,-6.93 6.28 ,-7.93 7.07 ,-2.6 2.77 ,-4.94 4.32 ,-9.74 8.93 ,-7.91 7.0 ,-3.3 3.06 ,-8.4 8.49 ,-5.16 6.34 ,-4.77 3.92 ,-3.45 3.08 ,-5.45 5.88 ,-2.22 1.59 ,-5.52 6.52 ,-2.81 1.96 ,-7.75 7.55 ,-4.28 3.86 ,-0.64 0.8 ,-6.81 7.17 ,-6.79 6.27 ,
#p8-k1
2.69 -2.76 ,2.41 -3.05 ,-4.31 4.26 ,1.04 -1.26 ,3.05 -3.9 ,0.48 -0.26 ,0.6 -1.56 ,1.52 -2.44 ,0.98 -2.61 ,0.08 -0.67 ,0.42 -1.14 ,1.26 -2.05 ,-2.77 2.33 ,-3.16 2.51 ,-2.83 2.57 ,-11.37 12.64 ,-4.17 4.12 ,-4.33 4.0 ,-5.86 5.25 ,0.11 -0.84 ,-4.55 4.43 ,-8.98 8.91 ,-4.93 5.05 ,-8.8 8.41 ,-2.11 2.3 ,-4.7 5.07 ,-9.0 8.84 ,-8.86 8.71 ,-5.05 4.88 ,-4.92 5.59 ,-2.66 3.77 ,-7.11 6.99 ,-2.2 1.27 ,1.38 -1.79 ,-5.92 6.88 ,-2.02 2.21 ,-1.1 0.78 ,-7.7 8.79 ,-2.64 2.63 ,-9.66 8.05 ,-6.34 6.26 ,-5.38 5.75 ,-2.1 2.1 ,-2.45 1.6 ,-7.7 7.64 ,-2.04 2.65 ,-9.5 9.72 ,-4.59 4.93 ,-3.44 2.63 ,-6.89 6.1 ,-4.74 4.91 ,-4.74 5.22 ,-9.0 8.99 ,-7.16 6.6 ,-2.5 2.19 ,-5.64 5.41 ,-9.57 7.95 ,-0.11 0.37 ,-3.79 3.49 ,-7.93 7.09 ,-11.4 9.74 ,-14.15 15.45 ,-5.96 5.7 ,-5.14 5.54 ,-6.73 7.15 ,-3.74 2.61 ,-3.99 4.03 ,-4.75 3.7 ,-5.93 5.71 ,-9.04 8.89 ,-8.16 7.66 ,-14.04 13.84 ,-8.47 8.09 ,-2.36 1.4 ,-6.73 7.62 ,-4.81 3.48 ,-5.47 5.38 ,-5.66 5.85 ,-3.64 3.55 ,-6.57 6.01 ,-8.78 9.03 ,-8.5 8.33 ,-0.43 -0.02 ,-8.06 7.57 ,-2.2 2.12 ,-10.88 9.92 ,-3.86 3.89 ,-4.65 4.33 ,-1.45 0.56 ,
#p8-k2
2.58 -2.75 ,-2.89 2.9 ,2.64 -2.76 ,1.3 -1.66 ,-0.24 -0.84 ,1.59 -1.67 ,-3.02 3.2 ,1.48 -1.54 ,2.54 -3.07 ,2.32 -2.24 ,-7.09 5.59 ,-7.84 8.55 ,-8.03 9.52 ,-6.46 5.98 ,-1.81 2.14 ,-5.33 5.43 ,-14.2 14.72 ,-6.57 7.12 ,-11.37 11.18 ,-1.24 1.77 ,-4.78 4.4 ,-4.13 4.05 ,1.28 -1.36 ,-13.29 14.43 ,-14.3 14.93 ,-4.42 4.89 ,-9.19 9.27 ,-14.05 15.02 ,-10.46 10.29 ,-6.02 6.67 ,-19.72 21.04 ,-7.11 7.06 ,-14.73 14.93 ,-3.51 3.43 ,-19.05 20.74 ,-11.95 13.45 ,-13.84 15.05 ,-8.89 9.73 ,-5.11 5.33 ,-9.27 9.19 ,-14.74 15.45 ,-6.85 7.13 ,-1.61 2.28 ,-1.18 0.56 ,-6.35 7.09 ,-6.99 7.6 ,-7.49 7.24 ,-12.62 12.88 ,-10.72 11.15 ,-7.88 7.56 ,-16.16 17.16 ,-2.53 2.32 ,-3.77 4.42 ,-7.49 7.03 ,-3.14 3.77 ,-4.78 4.63 ,-9.31 9.67 ,-15.34 14.78 ,-15.25 14.74 ,-7.15 8.61 ,-19.17 19.49 ,-3.11 3.47 ,-6.43 6.88 ,0.25 -0.26 ,-14.83 13.74 ,-5.32 5.98 ,-14.5 15.46 ,-11.35 12.99 ,-9.44 10.02 ,-4.11 5.13 ,-6.69 6.24 ,-4.77 4.85 ,-9.32 8.33 ,-7.71 7.52 ,-21.24 20.53 ,-18.91 17.65 ,-5.81 4.88 ,-4.94 5.32 ,-1.35 1.2 ,-21.29 21.36 ,-2.32 2.55 ,-7.83 6.91 ,-8.61 8.54 ,-15.16 15.98 ,-11.07 10.6 ,-3.72 3.81 ,-7.7 7.78 ,-16.2 16.46 ,-7.34 7.45 ,
#p8-k3
1.53 -1.22 ,-0.66 0.83 ,0.62 -0.32 ,-2.01 2.3 ,3.19 -3.29 ,2.97 -3.21 ,0.35 -0.93 ,-2.69 3.1 ,-3.77 3.66 ,-0.38 0.63 ,1.41 -1.58 ,-3.8 4.18 ,-18.25 20.29 ,-10.93 12.23 ,-5.15 5.22 ,-11.71 11.75 ,-9.91 10.8 ,-8.5 8.53 ,-15.22 15.84 ,-8.65 9.0 ,-0.45 0.12 ,-13.03 13.74 ,-13.13 13.08 ,-3.97 3.98 ,-20.36 21.99 ,-14.75 16.44 ,-4.86 4.41 ,-17.8 17.87 ,-22.09 23.01 ,-22.05 21.94 ,-13.91 15.08 ,-9.77 10.11 ,-16.98 16.87 ,-11.21 11.77 ,-15.62 17.31 ,-16.2 17.32 ,-5.26 5.04 ,-25.99 24.91 ,-0.25 -0.47 ,-15.57 16.62 ,-17.22 17.57 ,-4.71 4.16 ,-13.15 13.57 ,-13.57 14.1 ,-3.45 4.41 ,-12.73 12.84 ,-6.58 6.05 ,-19.41 19.25 ,-3.94 3.62 ,-9.6 10.19 ,-11.94 13.21 ,-17.42 17.7 ,-12.56 12.57 ,-9.45 9.97 ,-4.26 4.27 ,-14.82 14.92 ,-16.51 17.91 ,-6.23 6.66 ,-21.36 22.9 ,-16.68 17.83 ,-10.32 10.13 ,-11.58 12.75 ,-13.54 14.88 ,-3.98 4.43 ,-10.75 11.97 ,-17.76 17.66 ,-8.88 9.61 ,-7.45 8.5 ,-20.32 19.73 ,-19.93 20.96 ,-8.04 8.43 ,-3.37 3.1 ,-10.03 10.33 ,-19.21 19.85 ,-6.82 6.6 ,-8.33 8.72 ,-2.98 3.0 ,-9.14 9.56 ,-11.06 10.58 ,-19.33 20.14 ,-12.02 12.56 ,-4.69 4.2 ,-3.48 3.39 ,-9.98 10.89 ,-16.73 16.68 ,-9.34 8.81 ,-8.7 9.98 ,-11.76 12.3 ,-1.72 2.09 ,
#p8-k4
-6.11 6.17 ,1.93 -1.99 ,0.6 -0.62 ,-0.34 -0.11 ,2.07 -2.29 ,0.73 -0.8 ,-1.73 1.51 ,0.21 -0.11 ,3.15 -3.4 ,0.01 -0.17 ,-6.72 6.52 ,0.53 -0.95 ,2.7 -2.83 ,1.16 -1.19 ,-19.25 19.23 ,-21.82 22.64 ,-11.02 10.63 ,-14.6 15.31 ,-8.27 8.13 ,0.76 -0.73 ,-6.11 5.34 ,-8.84 8.04 ,-13.58 14.15 ,-6.11 6.03 ,-6.13 6.24 ,-4.57 4.79 ,-17.88 17.05 ,-16.59 15.51 ,-9.08 9.51 ,-13.12 14.18 ,-21.69 21.57 ,-21.9 22.56 ,-2.45 2.69 ,-17.88 18.65 ,-3.19 2.85 ,-26.52 27.31 ,-22.52 24.2 ,-5.69 6.12 ,-15.63 15.77 ,-7.27 7.61 ,-19.97 19.82 ,-20.5 20.38 ,-24.13 24.91 ,-9.76 9.85 ,-18.21 18.41 ,-21.33 20.3 ,-18.74 18.84 ,-9.91 10.67 ,-11.81 11.38 ,-19.03 17.48 ,-7.51 7.62 ,-15.61 16.27 ,3.79 -3.99 ,-10.07 10.0 ,-15.97 15.72 ,-4.78 4.81 ,0.94 -1.34 ,-19.03 19.41 ,-19.68 19.91 ,-14.56 14.56 ,-14.32 14.18 ,-12.27 12.77 ,-15.13 15.3 ,-12.1 12.88 ,-16.36 17.07 ,-18.57 19.03 ,-6.8 6.57 ,-17.55 16.9 ,-5.85 6.03 ,-12.06 12.96 ,-15.23 15.43 ,-21.88 21.86 ,-19.73 20.09 ,-19.81 19.05 ,-10.16 9.83 ,-15.07 15.43 ,-4.96 5.72 ,-2.8 2.94 ,-12.7 12.06 ,-0.93 0.93 ,-15.81 16.54 ,-13.15 13.71 ,-16.17 15.51 ,-18.25 17.96 ,-18.11 17.75 ,-18.48 19.49 ,-17.93 18.18 ,-1.89 2.25 ,-19.25 19.93 ,-14.24 14.35 ,-16.4 16.62 ,
#p9-k0
0.78 -0.73 ,1.08 -1.2 ,1.85 -1.86 ,0.02 -0.14 ,1.14 -1.09 ,1.97 -2.14 ,1.59 -1.43 ,-0.35 0.38 ,1.09 -1.05 ,1.54 -1.42 ,-1.99 2.22 ,1.22 -1.12 ,-26.26 24.16 ,-8.75 7.8 ,-3.13 2.73 ,-12.88 13.62 ,-15.75 14.92 ,-7.06 7.39 ,-7.23 6.82 ,-14.91 14.46 ,-12.06 11.5 ,-0.2 0.59 ,-16.45 15.26 ,-13.98 13.73 ,-7.65 7.42 ,-8.92 8.91 ,-7.6 6.47 ,-8.01 6.7 ,-4.46 3.83 ,-4.79 5.09 ,-15.55 14.79 ,-3.96 3.63 ,-3.95 4.01 ,-11.99 11.64 ,-10.21 9.68 ,-9.56 9.44 ,-0.91 0.82 ,-0.36 -0.03 ,-23.66 22.7 ,1.08 -1.05 ,-2.69 2.23 ,-1.48 1.75 ,-4.37 4.06 ,-8.86 8.75 ,1.4 -1.3 ,-5.06 5.63 ,-6.57 7.08 ,-11.69 11.19 ,-11.16 11.87 ,-2.21 2.09 ,-1.7 1.51 ,-5.71 5.76 ,-7.81 7.6 ,-29.85 28.85 ,0.79 -1.03 ,-4.2 3.56 ,-6.21 6.03 ,-10.45 10.1 ,-4.02 3.67 ,-13.88 14.42 ,-1.98 1.95 ,0.8 -0.39 ,-10.34 11.09 ,-2.41 2.61 ,-19.46 20.23 ,-27.37 26.63 ,-3.67 3.68 ,-2.95 3.0 ,1.14 -0.87 ,-7.91 8.29 ,-13.31 13.31 ,-7.46 8.43 ,-4.75 4.8 ,-2.2 2.2 ,0.57 -0.44 ,-5.49 5.63 ,-5.24 5.0 ,-11.86 12.37 ,-16.69 16.51 ,-10.1 10.25 ,-12.26 12.81 ,-4.28 3.92 ,-21.43 21.39 ,-19.15 17.55 ,-19.24 19.21 ,-15.7 15.67 ,-6.2 6.73 ,-6.8 6.12 ,1.22 -0.81 ,
#p9-k1
1.07 -0.75 ,-4.46 4.7 ,0.71 -0.49 ,-4.28 4.75 ,2.21 -1.64 ,0.67 -0.52 ,1.2 -1.02 ,0.67 -0.32 ,-4.06 3.55 ,-2.39 2.93 ,1.24 -0.89 ,-1.48 2.3 ,-28.84 29.81 ,-21.88 22.06 ,-15.7 15.96 ,-5.59 6.3 ,-42.64 43.85 ,-9.9 10.3 ,-16.95 16.87 ,-14.56 15.3 ,-25.73 26.78 ,-6.11 6.78 ,-7.02 6.91 ,-23.05 24.22 ,-19.07 18.9 ,-30.68 30.96 ,-15.13 15.9 ,-14.85 14.96 ,-19.01 20.75 ,-8.48 9.43 ,-15.47 14.65 ,0.48 -0.43 ,-14.68 15.0 ,-71.61 73.67 ,-9.95 10.1 ,-9.01 9.83 ,-10.86 10.63 ,-21.72 23.21 ,-6.58 6.65 ,-1.76 2.34 ,-9.19 8.73 ,-9.89 10.47 ,0.38 -0.18 ,-20.63 21.07 ,-7.04 7.28 ,-7.96 8.4 ,-1.24 1.45 ,-9.16 8.77 ,-7.49 7.41 ,-8.55 8.95 ,-0.17 0.7 ,-43.77 44.45 ,-9.61 10.25 ,-19.24 19.99 ,-15.23 15.21 ,-3.12 3.4 ,-1.46 1.62 ,0.51 0.06 ,-14.44 15.71 ,-6.79 6.93 ,-3.25 3.48 ,-11.24 10.92 ,-0.5 1.01 ,-10.58 10.97 ,-27.3 27.32 ,0.04 0.22 ,-35.6 36.95 ,-4.84 5.13 ,-25.54 26.38 ,-2.41 2.83 ,-10.32 10.56 ,-10.16 10.02 ,-17.91 17.22 ,-23.64 24.76 ,-11.25 11.92 ,-19.16 20.15 ,-0.54 0.83 ,-40.1 39.54 ,-2.12 2.84 ,-19.11 20.65 ,-34.23 34.54 ,-14.09 14.9 ,-1.93 1.91 ,-2.23 2.47 ,-27.8 29.28 ,-29.19 30.82 ,-20.62 21.71 ,-26.07 27.4 ,-3.93 4.34 ,
#p9-k2
-0.48 0.27 ,0.76 0.1 ,1.78 -1.66 ,0.92 -0.87 ,-1.66 1.73 ,-0.6 1.32 ,-0.69 1.27 ,-0.02 0.79 ,-0.0 0.07 ,-1.43 1.27 ,1.35 -1.47 ,1.69 -1.95 ,-12.07 12.99 ,-13.45 15.54 ,-7.02 7.65 ,-11.96 13.2 ,-14.04 14.52 ,-16.01 16.8 ,-1.5 2.39 ,-11.53 11.61 ,-5.14 5.8 ,-8.82 9.21 ,-0.84 1.64 ,-13.3 14.7 ,-5.18 4.82 ,-8.5 8.63 ,-7.83 7.34 ,-8.07 8.9 ,-15.79 15.92 ,-0.54 0.95 ,-16.36 16.77 ,-13.7 14.97 ,-9.16 9.85 ,-12.7 15.78 ,-4.18 2.58 ,-1.68 0.9 ,-4.99 5.24 ,-12.85 14.49 ,-8.5 9.03 ,-2.74 3.56 ,-20.14 21.1 ,-0.7 1.88 ,-12.59 14.1 ,-10.59 11.8 ,-18.94 19.9 ,-10.1 9.68 ,-7.88 9.01 ,-8.25 8.27 ,-11.03 10.92 ,-5.22 5.16 ,-6.6 6.18 ,-7.2 8.6 ,-4.64 5.18 ,-4.81 4.66 ,-10.0 10.43 ,-9.28 9.07 ,-10.62 10.75 ,-5.44 6.12 ,-13.06 14.96 ,-6.02 6.92 ,-3.76 5.05 ,-11.23 12.42 ,-3.05 2.87 ,-5.26 6.36 ,-1.7 0.94 ,-1.34 1.96 ,-3.2 3.12 ,-6.4 7.92 ,0.97 -0.51 ,-0.64 0.41 ,-13.47 14.01 ,-15.78 15.9 ,-1.27 0.96 ,-1.96 1.37 ,-2.35 1.91 ,-18.81 19.56 ,-8.72 10.26 ,1.9 -1.76 ,-4.97 5.78 ,-6.18 6.4 ,-1.7 1.46 ,-2.86 3.25 ,-4.42 5.17 ,-10.82 11.53 ,-8.72 8.81 ,-10.06 8.55 ,-5.29 5.82 ,-0.77 1.16 ,-10.52 12.78 ,
#p9-k3
-0.21 0.1 ,-1.68 1.37 ,-0.78 0.59 ,0.22 -0.78 ,-0.94 0.62 ,-0.45 0.45 ,-0.08 -0.41 ,-0.12 0.3 ,-0.84 0.11 ,0.2 -0.43 ,-0.66 0.05 ,0.07 0.32 ,-1.36 0.94 ,-3.78 4.61 ,-2.26 1.33 ,-3.09 2.39 ,-6.03 5.31 ,-3.43 3.57 ,-3.54 3.46 ,-1.22 0.69 ,-2.78 2.84 ,0.09 0.22 ,-4.88 5.1 ,-4.66 4.3 ,-1.36 1.42 ,-7.76 8.0 ,-3.81 3.78 ,-4.18 4.17 ,-3.34 3.18 ,-2.62 2.52 ,-3.78 3.43 ,-4.17 2.76 ,-1.04 0.54 ,-5.29 4.89 ,-2.88 2.67 ,-2.95 3.13 ,-1.68 1.25 ,-3.58 3.35 ,-2.87 3.11 ,-5.81 5.18 ,-3.67 5.03 ,-1.59 1.25 ,-1.92 0.88 ,-3.73 4.02 ,-4.86 5.2 ,-1.27 1.18 ,-0.28 0.15 ,-0.27 -0.43 ,-2.22 1.45 ,-7.22 6.19 ,-3.92 3.61 ,-3.69 3.43 ,-2.05 1.8 ,-4.52 3.5 ,-4.81 5.23 ,-3.79 3.36 ,-8.63 7.99 ,-2.16 0.76 ,-1.13 1.22 ,-1.2 0.68 ,-0.85 0.24 ,-5.81 5.84 ,-3.16 2.85 ,-0.76 0.71 ,-0.29 0.4 ,-2.03 2.12 ,-7.33 6.6 ,-8.61 9.25 ,-1.17 0.87 ,-1.2 0.88 ,-3.41 3.14 ,-2.3 3.02 ,-1.63 1.54 ,-2.59 2.03 ,-0.61 0.41 ,-2.22 2.97 ,-2.62 2.06 ,-1.89 1.72 ,-1.63 1.19 ,-0.81 0.74 ,-2.33 2.18 ,-0.69 0.02 ,-1.76 2.57 ,-1.23 0.72 ,-1.42 1.2 ,-4.47 4.63 ,-1.75 1.23 ,-1.35 0.88 ,-0.16 -0.14 ,
#p9-k4
1.75 -1.22 ,0.88 0.18 ,1.57 -1.26 ,-0.37 0.95 ,-0.24 0.68 ,2.01 -1.59 ,1.11 -0.59 ,1.56 -1.14 ,1.62 -1.31 ,0.24 0.15 ,1.73 -1.08 ,2.47 -1.4 ,-0.18 1.11 ,2.54 -1.18 ,-5.25 7.68 ,-3.77 5.91 ,-0.89 2.9 ,-5.76 7.41 ,-6.68 9.42 ,-5.12 6.82 ,-2.46 3.32 ,-6.44 8.72 ,-0.42 2.74 ,-5.09 7.4 ,-6.29 7.4 ,-7.15 9.95 ,-5.94 7.03 ,-3.38 4.16 ,-0.19 0.74 ,-2.99 4.29 ,-8.69 11.49 ,-2.19 4.14 ,-4.21 5.85 ,-3.47 7.18 ,-5.89 9.07 ,-6.31 7.94 ,-5.0 6.54 ,-0.43 1.43 ,-2.91 3.9 ,-3.05 3.99 ,-2.19 3.26 ,-5.39 6.81 ,-1.12 1.86 ,-4.42 6.45 ,-3.46 5.18 ,0.97 0.07 ,-2.65 4.71 ,-3.68 5.17 ,-3.29 6.5 ,-4.21 6.31 ,-6.96 11.61 ,-5.08 7.94 ,-5.3 6.43 ,-4.56 7.02 ,-1.41 2.78 ,-2.83 3.04 ,-8.68 12.72 ,-7.01 8.41 ,-5.98 7.89 ,-0.52 1.15 ,-4.96 6.4 ,-10.98 12.14 ,-2.25 2.85 ,-0.1 0.3 ,0.62 0.0 ,0.01 0.9 ,-6.05 8.22 ,-0.83 1.66 ,-6.39 9.1 ,-3.72 6.24 ,-5.11 6.2 ,-5.28 7.45 ,2.16 -1.18 ,-0.12 0.78 ,-3.78 5.68 ,-0.22 1.44 ,-4.5 5.83 ,-2.14 3.43 ,-5.86 7.44 ,-7.95 11.45 ,-8.35 11.07 ,-5.47 6.02 ,-7.9 9.68 ,-1.51 2.04 ,-2.77 4.36 ,-3.85 6.49 ,-1.31 3.34 ,-2.56 5.2 ,-8.61 10.28 ,-4.92 6.52 ,-1.19 2.5 ,
