#p0-k0
3.01 -2.84 ,1.89 -1.8 ,1.06 -1.01 ,-1.13 0.95 ,3.21 -2.87 ,1.54 -1.15 ,-0.11 0.2 ,3.55 -2.98 ,-1.41 2.13 ,0.95 -0.36 ,-3.32 4.5 ,2.2 -2.07 ,-8.08 8.57 ,-4.41 5.29 ,-10.08 10.55 ,-3.96 3.99 ,-6.45 7.09 ,-2.51 3.16 ,-2.49 3.06 ,-4.56 5.48 ,-8.88 9.68 ,-2.47 3.17 ,-0.15 1.12 ,-7.29 7.71 ,-4.62 5.35 ,-9.63 9.53 ,-9.64 10.45 ,-2.78 3.77 ,-6.61 7.2 ,-10.2 10.84 ,-6.17 6.74 ,-7.73 8.53 ,-1.36 1.68 ,-6.77 7.48 ,-5.53 6.1 ,-15.45 17.36 ,-5.33 5.67 ,-10.88 11.07 ,-6.04 5.72 ,-4.21 4.43 ,-9.12 10.18 ,-6.88 6.89 ,-5.14 5.0 ,-5.6 6.01 ,-5.55 5.89 ,-1.83 2.47 ,-5.73 6.57 ,-7.28 7.67 ,-4.59 5.89 ,-10.12 10.67 ,-8.57 9.59 ,-4.24 4.76 ,-5.29 6.47 ,-3.72 4.26 ,-3.51 3.74 ,-5.96 6.62 ,-0.34 0.46 ,-8.92 9.57 ,-3.11 3.65 ,-2.3 2.67 ,0.8 -0.41 ,-2.7 3.46 ,-10.63 11.63 ,-0.95 1.35 ,-8.12 9.6 ,-0.98 1.05 ,-8.71 8.59 ,-0.37 0.71 ,-9.1 9.41 ,-7.1 7.88 ,-0.9 1.33 ,-1.68 2.37 ,-8.03 8.26 ,-6.65 7.22 ,-6.47 6.21 ,-1.51 2.06 ,-12.93 14.39 ,-2.35 3.01 ,1.56 -1.33 ,-5.65 6.36 ,-8.35 9.12 ,-7.51 8.82 ,-7.08 8.16 ,-5.66 6.27 ,-2.09 2.63 ,0.96 -0.19 ,-0.46 0.56 ,-4.61 5.7 ,-2.69 2.6 ,
#p0-k1
1.73 -1.87 ,1.15 -1.5 ,1.64 -1.79 ,1.2 -1.21 ,0.69 -0.96 ,-0.41 0.12 ,-4.13 3.51 ,-1.39 1.18 ,2.58 -2.97 ,2.45 -2.76 ,0.79 -1.05 ,1.71 -1.85 ,-8.98 8.35 ,-3.34 2.8 ,-6.49 6.81 ,-9.01 8.88 ,-7.45 7.29 ,-9.52 8.66 ,-13.54 14.17 ,-16.28 16.23 ,-0.6 0.42 ,-4.8 4.61 ,-4.63 4.49 ,-0.04 -0.07 ,-13.27 13.42 ,-3.88 3.93 ,-2.73 2.39 ,-9.29 8.86 ,-8.88 8.07 ,-1.58 1.19 ,-10.0 10.15 ,1.27 -1.27 ,-0.93 0.82 ,-8.23 7.82 ,-0.93 0.36 ,-0.22 0.11 ,-4.73 4.25 ,-1.33 0.99 ,-0.58 0.42 ,-9.84 9.12 ,-5.39 5.02 ,-4.53 4.47 ,-7.29 6.86 ,-2.24 1.99 ,-3.3 3.28 ,-3.72 3.52 ,1.05 -1.26 ,-9.12 9.57 ,-0.08 0.06 ,-1.95 1.73 ,-9.22 8.89 ,-1.19 1.06 ,-11.06 10.76 ,-1.01 0.96 ,-5.91 5.81 ,-4.0 3.61 ,-6.42 6.27 ,-16.03 16.37 ,-3.29 3.24 ,-10.63 10.72 ,1.01 -1.04 ,-14.61 14.67 ,-13.96 14.24 ,-12.43 11.71 ,-7.8 7.67 ,-6.33 6.11 ,-12.6 12.14 ,-7.98 8.02 ,-3.87 3.97 ,-6.39 6.82 ,-2.56 2.29 ,-1.5 1.14 ,-11.26 11.58 ,-2.86 2.73 ,-4.8 4.99 ,-3.62 3.18 ,-12.38 11.69 ,-12.47 12.41 ,-3.09 3.47 ,-6.2 6.16 ,-7.32 6.57 ,1.67 -1.89 ,-3.25 3.36 ,-4.17 4.05 ,-13.62 13.61 ,-3.67 3.57 ,-8.27 8.03 ,-10.3 9.46 ,-16.35 17.08 ,
#p0-k2
-2.42 2.83 ,0.96 -0.89 ,1.71 -1.75 ,0.84 -1.01 ,1.17 -1.16 ,0.59 -0.78 ,-0.17 -0.2 ,1.37 -1.61 ,0.54 -0.51 ,0.59 -0.88 ,-0.14 0.21 ,0.26 -0.5 ,-0.49 0.2 ,-4.26 4.8 ,-4.66 4.43 ,-1.81 1.62 ,-4.47 4.86 ,-10.12 9.84 ,-4.21 4.0 ,-1.67 1.25 ,-3.11 2.88 ,-6.82 6.17 ,-3.29 3.51 ,-5.12 4.79 ,-4.07 4.15 ,-4.36 3.97 ,-6.27 6.05 ,-5.28 5.11 ,-3.28 3.24 ,-4.86 4.64 ,-3.67 3.32 ,-2.59 2.75 ,-7.27 7.61 ,-3.23 3.46 ,-7.3 7.34 ,0.0 -0.25 ,-5.83 5.75 ,-1.41 1.07 ,-5.75 5.53 ,-0.32 0.41 ,-2.87 2.6 ,-2.9 2.94 ,-6.1 5.93 ,-5.83 6.1 ,-5.23 5.08 ,-2.35 2.32 ,-4.53 3.79 ,-1.21 0.81 ,-3.43 3.13 ,-4.47 4.81 ,0.64 -0.79 ,-6.9 7.51 ,-1.58 1.66 ,-8.26 8.69 ,-5.8 5.19 ,-9.89 10.7 ,-4.05 3.67 ,-3.64 4.13 ,-5.64 5.54 ,-4.56 4.25 ,-9.14 9.39 ,-1.29 1.9 ,-4.54 4.56 ,-2.26 2.78 ,-7.12 7.42 ,-7.16 7.12 ,-5.12 4.95 ,-5.16 5.98 ,-1.34 2.15 ,-1.6 1.05 ,-3.84 3.66 ,-4.72 4.7 ,-9.61 9.46 ,-8.57 9.09 ,-3.75 3.83 ,-4.62 4.61 ,-0.39 0.42 ,-8.65 8.76 ,-0.61 0.45 ,-1.05 1.11 ,-7.92 7.79 ,-6.78 6.7 ,-3.87 3.59 ,-5.66 5.56 ,-3.39 3.31 ,-6.53 6.28 ,-8.25 8.59 ,-9.02 9.18 ,-8.19 8.86 ,
#p0-k3
1.94 -1.91 ,1.63 -1.76 ,-1.68 1.59 ,-3.22 3.59 ,1.3 -1.29 ,2.28 -2.35 ,2.32 -2.39 ,1.73 -1.54 ,2.06 -2.19 ,0.99 -0.96 ,2.82 -2.95 ,1.79 -1.79 ,-6.8 7.65 ,-5.67 5.63 ,-2.8 3.37 ,-6.08 6.87 ,-2.56 2.8 ,-5.98 6.28 ,-9.33 9.67 ,-8.51 9.34 ,-7.07 7.57 ,1.04 -1.24 ,-5.43 5.81 ,-7.66 8.44 ,-3.86 4.43 ,-2.04 1.96 ,-1.37 1.62 ,-4.24 4.85 ,-9.12 9.67 ,-5.49 5.53 ,-0.94 0.55 ,-6.06 6.64 ,-2.29 2.03 ,-4.7 4.55 ,-8.05 8.49 ,-10.97 11.46 ,-5.34 5.8 ,-1.71 1.76 ,-9.95 9.78 ,-5.22 5.79 ,-1.33 1.61 ,-4.95 5.44 ,-8.82 9.07 ,-0.68 0.74 ,-3.38 3.96 ,-3.01 3.02 ,0.18 -0.04 ,-2.08 2.11 ,-2.65 2.7 ,-4.58 4.78 ,-11.77 11.46 ,-9.66 9.76 ,-6.05 5.97 ,-5.03 5.2 ,-11.15 11.47 ,-3.22 3.26 ,-4.6 4.63 ,-3.17 3.73 ,-10.63 10.68 ,-4.99 5.21 ,-8.78 9.31 ,-0.76 0.75 ,-0.24 -0.0 ,-9.42 9.71 ,-8.93 8.29 ,-4.65 4.87 ,-9.45 10.08 ,-6.87 7.14 ,-2.98 3.29 ,-8.3 9.26 ,-4.48 4.58 ,-0.89 0.87 ,-2.8 3.2 ,0.99 -1.06 ,-3.67 4.02 ,-4.9 4.74 ,0.61 -0.36 ,-8.39 8.82 ,-0.11 0.24 ,-8.37 8.61 ,-9.38 10.2 ,0.3 -0.4 ,-10.01 10.25 ,0.63 -0.74 ,-6.75 7.17 ,-4.45 5.24 ,-0.66 0.81 ,-6.93 7.32 ,-1.74 2.1 ,
#p0-k4
1.91 -1.97 ,1.78 -1.98 ,0.91 -1.17 ,0.58 -0.9 ,1.19 -1.21 ,1.45 -1.63 ,2.04 -2.1 ,1.12 -1.37 ,-0.94 0.79 ,-1.19 0.67 ,1.85 -1.89 ,2.06 -2.42 ,1.62 -1.92 ,1.62 -1.84 ,-0.3 0.2 ,-4.28 3.52 ,-0.62 0.38 ,-5.59 4.71 ,0.73 -1.02 ,0.27 -0.69 ,-1.16 1.0 ,-2.01 1.5 ,-0.66 0.42 ,-3.1 2.54 ,-4.48 3.45 ,-1.73 0.97 ,-2.19 1.84 ,-0.42 0.28 ,-1.35 1.17 ,-0.34 0.1 ,-3.94 3.11 ,-1.66 1.34 ,-1.07 0.53 ,0.99 -1.31 ,-2.15 1.47 ,-4.95 4.29 ,-5.45 4.64 ,0.07 -0.33 ,-0.08 -0.69 ,-0.4 -0.1 ,-0.01 -0.24 ,-4.51 3.49 ,-4.0 3.44 ,-6.29 5.34 ,-4.61 3.93 ,-6.22 5.05 ,-5.86 5.18 ,0.21 -0.31 ,0.59 -0.83 ,-0.67 0.42 ,-2.27 1.92 ,-3.63 3.02 ,-1.35 1.08 ,0.58 -0.84 ,-3.29 2.46 ,0.72 -0.95 ,-1.45 1.03 ,-2.28 1.6 ,0.03 -0.28 ,-4.32 3.48 ,-2.76 2.19 ,1.76 -1.81 ,-5.43 4.45 ,-1.36 0.96 ,-5.72 5.44 ,-4.57 3.26 ,-3.65 3.55 ,-0.94 0.65 ,-0.01 -0.15 ,-1.14 0.71 ,-5.04 4.62 ,0.66 -0.76 ,-0.06 -0.35 ,-1.87 1.11 ,-2.36 1.7 ,-4.98 4.33 ,-6.7 6.19 ,-2.06 1.37 ,-0.38 0.14 ,1.45 -1.62 ,-0.57 0.41 ,-3.97 3.38 ,-0.19 0.09 ,-1.87 1.42 ,-5.37 4.68 ,-0.37 -0.03 ,-0.84 0.53 ,-3.39 2.87 ,-6.14 5.15 ,-1.58 1.43 ,-6.26 5.4 ,
#p1-k0
6.38 -6.34 ,-0.01 -0.8 ,-3.8 3.24 ,1.12 -1.3 ,3.19 -3.21 ,4.27 -4.41 ,3.2 -3.73 ,0.83 -1.13 ,-0.64 -0.03 ,2.0 -2.19 ,3.91 -4.1 ,-0.47 0.36 ,-0.47 0.33 ,-3.6 3.68 ,-4.73 4.17 ,-5.04 5.23 ,-12.67 12.77 ,-9.49 9.15 ,-2.37 2.23 ,-7.46 7.18 ,-0.38 0.39 ,-8.29 8.86 ,-1.45 1.63 ,-6.61 5.49 ,-14.28 13.38 ,-7.69 7.21 ,-13.82 13.07 ,-6.84 6.24 ,-11.71 10.92 ,0.77 -0.79 ,-1.96 1.97 ,-13.01 12.02 ,-4.24 4.32 ,-4.3 4.21 ,1.09 -0.91 ,-1.4 0.68 ,-5.91 5.79 ,-13.91 13.0 ,-13.81 12.47 ,-3.06 2.85 ,-8.4 6.95 ,-10.5 10.2 ,-1.64 1.25 ,-10.26 10.56 ,0.13 -0.37 ,-9.72 8.71 ,-1.7 1.91 ,-10.68 10.9 ,-13.2 13.8 ,-5.33 4.57 ,-12.88 12.36 ,-10.64 10.29 ,-6.97 6.05 ,-10.85 10.4 ,-5.23 4.94 ,-10.96 10.32 ,-4.53 4.61 ,-0.44 0.7 ,0.33 -0.51 ,-11.39 10.7 ,-2.02 2.32 ,-4.49 4.71 ,-10.18 9.42 ,-20.02 20.56 ,-0.65 0.48 ,-4.94 4.63 ,-11.79 11.18 ,-6.2 6.32 ,1.08 -1.24 ,-6.38 5.91 ,-4.69 4.23 ,-6.72 6.21 ,-1.22 0.98 ,-12.97 11.85 ,-1.75 1.52 ,-7.73 7.39 ,-11.32 11.61 ,-7.13 5.98 ,-4.22 3.99 ,-3.88 3.6 ,-1.37 1.09 ,-6.78 6.24 ,-8.06 7.25 ,-4.71 4.37 ,-3.77 2.64 ,-15.11 14.96 ,-5.18 5.76 ,-2.3 1.84 ,-9.7 9.51 ,
#p1-k1
1.15 -1.39 ,1.72 -2.02 ,-0.08 0.03 ,2.46 -2.64 ,2.32 -2.36 ,-3.23 2.75 ,2.59 -2.75 ,-3.09 2.56 ,1.93 -1.98 ,-0.58 0.42 ,3.09 -3.41 ,0.66 -1.04 ,-8.94 7.81 ,-4.13 3.88 ,-6.31 5.2 ,1.2 -1.1 ,-5.55 4.63 ,0.51 -0.78 ,-10.3 9.1 ,-3.99 3.2 ,-2.88 2.72 ,-7.01 6.22 ,-3.8 3.34 ,-7.83 6.48 ,-5.76 5.27 ,-5.37 4.9 ,-5.66 4.79 ,-2.78 2.64 ,-2.85 2.76 ,-0.46 0.4 ,-9.91 9.19 ,-4.5 4.4 ,-7.36 6.21 ,-1.29 0.78 ,-8.57 7.19 ,-3.49 3.36 ,0.5 -1.01 ,-1.61 0.99 ,-1.48 1.23 ,-4.85 4.69 ,-9.43 8.2 ,1.26 -1.35 ,-2.8 2.47 ,-7.37 6.06 ,-0.97 0.64 ,0.8 -0.84 ,-5.82 5.79 ,-1.13 0.8 ,-8.73 8.17 ,-5.95 5.15 ,-6.49 5.6 ,-4.65 3.75 ,-10.09 9.12 ,-6.42 5.85 ,-5.78 5.32 ,-3.51 2.87 ,-2.95 2.41 ,-6.36 5.95 ,-9.89 9.37 ,-4.98 4.49 ,-5.46 4.37 ,-3.7 2.94 ,-9.15 8.02 ,-6.99 6.47 ,-1.45 1.18 ,-7.93 6.84 ,-6.47 5.84 ,-1.68 1.23 ,-2.41 2.02 ,-4.07 3.56 ,-1.79 1.26 ,-5.16 3.89 ,1.62 -1.71 ,-4.76 4.26 ,-4.42 3.92 ,-11.99 10.89 ,-3.22 2.51 ,-7.45 6.18 ,-5.85 5.22 ,-5.78 5.34 ,-2.1 2.41 ,-8.06 6.62 ,-5.03 4.4 ,-4.01 3.57 ,1.05 -1.09 ,-4.53 4.26 ,-3.01 2.23 ,-2.48 1.85 ,-2.45 1.98 ,
#p1-k2
-2.89 3.42 ,1.62 -1.6 ,-3.67 4.37 ,1.69 -1.67 ,-3.01 3.03 ,0.25 -0.2 ,0.56 -0.46 ,1.07 -0.96 ,-8.11 9.39 ,2.11 -2.02 ,1.39 -0.99 ,1.21 -1.16 ,0.62 -0.42 ,-13.12 14.57 ,-4.84 5.14 ,0.63 -0.54 ,-5.0 5.96 ,-3.23 3.68 ,-1.91 2.18 ,-3.88 4.26 ,-6.14 6.96 ,-7.99 9.2 ,-4.91 5.4 ,-3.91 4.31 ,0.27 -0.07 ,-2.08 2.68 ,1.64 -1.51 ,-6.63 7.26 ,-4.69 5.73 ,-2.42 2.84 ,-9.39 11.16 ,-6.07 7.28 ,-3.88 4.62 ,0.95 -0.58 ,-11.01 12.22 ,-1.48 2.45 ,1.01 -0.93 ,-6.08 6.77 ,-4.31 5.04 ,-3.92 4.75 ,-2.94 3.12 ,-5.37 6.4 ,-5.95 6.32 ,-5.48 6.14 ,-8.2 9.41 ,-11.64 13.42 ,-5.03 5.26 ,-0.74 1.29 ,-0.66 0.79 ,-8.61 9.64 ,-6.76 7.43 ,-0.58 1.23 ,-12.65 14.6 ,-5.93 6.98 ,-2.0 2.8 ,-3.03 4.07 ,-4.53 5.11 ,0.42 -0.6 ,-10.13 11.7 ,-10.29 10.9 ,-5.24 5.56 ,-5.77 6.01 ,-4.83 5.26 ,-3.59 4.49 ,-9.0 10.0 ,-4.1 5.06 ,-4.17 4.6 ,-1.91 2.51 ,-1.83 1.93 ,-2.16 3.2 ,-4.83 6.37 ,-0.81 0.93 ,-1.99 2.25 ,-0.68 0.82 ,-5.91 6.85 ,-3.42 3.8 ,-2.91 3.67 ,-8.91 10.76 ,-0.08 0.61 ,-3.91 4.13 ,-7.88 9.33 ,-9.29 10.87 ,-5.38 6.47 ,-4.1 4.19 ,-8.19 8.82 ,-4.59 5.4 ,0.96 -0.57 ,-10.35 11.55 ,-5.52 5.83 ,
#p1-k3
1.97 -2.06 ,2.37 -2.46 ,1.64 -1.83 ,1.64 -2.1 ,1.96 -1.95 ,1.46 -1.66 ,2.05 -2.27 ,1.89 -2.29 ,1.46 -1.67 ,-0.34 -0.29 ,3.26 -3.45 ,2.38 -2.65 ,-9.75 8.16 ,-4.66 4.32 ,0.14 -0.21 ,-11.43 10.03 ,-10.33 9.23 ,-4.31 3.68 ,-2.05 1.26 ,-16.8 15.06 ,-14.94 14.01 ,-2.85 2.38 ,-7.33 6.85 ,-11.35 10.24 ,-6.4 5.18 ,-13.12 11.85 ,-4.35 3.91 ,-9.31 8.23 ,-5.33 5.52 ,-7.07 5.83 ,-10.81 9.84 ,-8.61 7.82 ,1.11 -1.42 ,-9.11 7.6 ,-9.95 8.71 ,-6.93 6.09 ,-4.79 4.26 ,-0.66 0.22 ,-5.42 5.02 ,-2.48 2.1 ,-1.97 1.97 ,-11.58 10.37 ,-5.1 5.07 ,-5.44 5.05 ,-13.72 12.31 ,-12.2 10.28 ,-3.55 3.15 ,-5.57 5.06 ,-3.8 3.34 ,-15.33 13.49 ,-0.27 -0.06 ,-4.39 3.66 ,-3.33 2.97 ,-10.89 9.48 ,-4.6 4.05 ,-4.35 3.72 ,-15.64 14.12 ,-16.31 14.32 ,-1.66 1.25 ,-9.34 7.51 ,-1.82 1.4 ,-1.11 0.62 ,-3.85 3.67 ,-6.28 5.3 ,-10.03 8.95 ,-7.32 6.97 ,-3.71 3.42 ,-12.38 10.58 ,-8.56 7.77 ,-0.39 0.39 ,-9.12 7.85 ,-14.9 12.66 ,-7.74 6.88 ,-14.81 13.65 ,-0.61 0.55 ,-4.31 3.38 ,-4.95 4.49 ,-2.21 1.96 ,-0.2 -0.12 ,1.95 -1.96 ,-7.45 6.77 ,-8.2 7.03 ,1.9 -1.93 ,-13.66 11.82 ,-5.18 4.54 ,0.69 -1.07 ,-7.25 6.38 ,-8.43 7.11 ,-12.07 10.78 ,
#p1-k4
-1.28 1.1 ,-6.28 6.49 ,4.25 -4.35 ,1.2 -1.24 ,2.81 -2.8 ,3.44 -3.41 ,2.47 -2.13 ,-3.53 3.16 ,5.14 -5.19 ,3.64 -3.62 ,5.99 -5.67 ,5.27 -5.26 ,-1.78 1.84 ,0.8 -1.29 ,1.39 -2.06 ,-8.92 7.82 ,-2.17 1.93 ,-15.27 15.37 ,-9.2 8.4 ,-10.15 9.91 ,1.99 -2.59 ,-6.52 6.3 ,-4.16 3.58 ,-0.5 -0.12 ,3.07 -3.11 ,-2.7 1.97 ,-22.09 21.25 ,-13.42 13.57 ,-6.71 6.21 ,-1.9 1.31 ,-5.56 5.18 ,2.09 -2.38 ,2.19 -2.22 ,-16.16 15.03 ,-6.47 5.93 ,-15.97 15.41 ,-25.32 24.51 ,-7.57 7.49 ,-2.6 2.59 ,-1.26 1.09 ,-0.81 0.13 ,3.19 -3.32 ,-4.91 4.11 ,1.19 -0.71 ,-2.22 1.61 ,-25.8 24.02 ,-4.26 4.38 ,-10.08 8.71 ,-6.94 6.39 ,3.33 -3.4 ,0.48 -1.08 ,-5.01 3.96 ,-15.99 15.13 ,-5.86 5.63 ,-2.03 1.61 ,2.57 -2.57 ,2.46 -2.27 ,-10.93 10.67 ,-3.42 4.0 ,-9.21 8.95 ,-6.89 6.27 ,-8.07 7.4 ,0.69 -0.91 ,-9.39 8.87 ,-8.48 6.84 ,-9.61 9.06 ,-10.06 9.87 ,-8.76 8.06 ,-5.15 4.7 ,0.94 -0.91 ,-15.33 14.76 ,-7.07 6.63 ,3.44 -3.54 ,0.85 -1.11 ,-1.92 1.46 ,1.9 -1.97 ,3.13 -3.3 ,-3.06 2.56 ,-12.27 11.37 ,-13.51 12.49 ,3.06 -3.04 ,-5.01 4.0 ,-3.06 2.72 ,-2.0 2.13 ,5.21 -5.3 ,-11.03 10.01 ,-4.04 4.1 ,-8.54 8.65 ,-1.29 0.95 ,-5.03 4.06 ,-16.09 15.65 ,
#p2-k0
1.65 -1.97 ,1.04 -1.61 ,1.82 -2.28 ,1.77 -1.9 ,-4.37 3.53 ,1.54 -2.06 ,1.56 -1.74 ,-1.46 1.03 ,2.35 -2.49 ,1.3 -1.73 ,2.34 -2.6 ,-0.97 0.51 ,-7.12 6.5 ,-8.41 7.99 ,-5.11 4.51 ,-7.37 6.92 ,-4.87 3.98 ,-3.2 2.26 ,-5.88 5.13 ,-8.75 7.22 ,-3.35 2.68 ,-6.22 5.27 ,-4.98 5.03 ,-0.22 0.07 ,-2.2 1.41 ,-11.25 10.06 ,-3.26 2.51 ,-5.18 4.52 ,-9.97 8.83 ,-7.05 6.03 ,-1.24 0.87 ,-4.11 3.16 ,-6.16 5.26 ,-5.59 5.13 ,-1.16 0.53 ,-8.17 7.39 ,-6.17 4.4 ,-6.62 5.47 ,-8.03 7.51 ,-2.55 2.35 ,-1.64 1.45 ,-0.95 0.82 ,-2.48 1.76 ,-3.87 3.43 ,-2.22 2.02 ,0.48 -0.92 ,-6.55 6.22 ,-6.56 5.48 ,-1.67 1.07 ,-2.69 2.12 ,-4.71 2.98 ,-4.79 3.91 ,-9.23 8.33 ,-3.28 2.8 ,-5.36 4.96 ,-7.85 6.85 ,-6.91 6.05 ,-4.98 4.26 ,-7.12 6.75 ,-7.39 6.05 ,-4.37 3.41 ,-0.35 0.26 ,-3.0 2.71 ,-4.73 4.14 ,-3.52 3.24 ,-0.79 0.1 ,-0.05 -0.27 ,-8.56 7.72 ,-8.75 7.87 ,-3.01 2.21 ,0.25 -0.45 ,-2.58 2.39 ,-11.0 9.46 ,-5.23 4.82 ,-2.02 1.78 ,-1.38 0.97 ,-7.33 6.58 ,-2.39 1.32 ,-3.04 2.69 ,0.68 -0.91 ,-10.9 9.84 ,-0.04 -0.12 ,-2.75 2.12 ,-3.3 3.03 ,-5.91 5.2 ,-1.3 1.1 ,-2.28 1.74 ,-12.52 11.58 ,-5.2 4.37 ,
#p2-k1
0.37 -1.14 ,0.68 -1.22 ,2.58 -2.78 ,3.9 -4.37 ,-1.93 0.8 ,-2.78 2.78 ,1.29 -1.49 ,2.52 -2.64 ,0.67 -1.05 ,3.42 -3.72 ,2.44 -2.64 ,2.68 -2.97 ,-0.7 0.17 ,-7.71 6.47 ,-3.92 3.18 ,-9.12 7.65 ,-3.72 3.05 ,-9.9 8.91 ,-3.35 2.07 ,-5.48 4.8 ,-3.68 3.1 ,-2.27 1.87 ,-7.08 5.6 ,-6.2 5.04 ,-6.99 5.88 ,0.12 -0.47 ,-0.95 0.44 ,-10.44 9.39 ,-0.09 -0.46 ,-6.98 5.73 ,-5.64 4.85 ,-4.79 3.91 ,-7.95 6.56 ,1.69 -2.32 ,-3.28 2.65 ,-4.76 3.77 ,-4.96 2.73 ,-6.18 4.4 ,0.12 -0.58 ,-3.64 2.64 ,-2.2 1.79 ,-7.07 4.97 ,-8.64 7.53 ,-11.23 9.31 ,-7.6 6.74 ,-2.44 1.75 ,-4.22 2.98 ,0.82 -0.96 ,-5.6 4.2 ,-2.3 1.39 ,-6.33 5.32 ,-1.6 1.34 ,-9.58 8.06 ,0.64 -0.73 ,-10.74 8.43 ,-2.42 1.93 ,-3.84 3.18 ,-0.98 0.27 ,-3.42 1.91 ,-3.44 2.64 ,-4.41 3.42 ,-10.15 8.45 ,-5.42 4.07 ,-3.91 2.89 ,1.04 -1.13 ,-5.13 3.93 ,-6.59 5.26 ,-3.2 2.49 ,-7.17 5.39 ,1.97 -2.32 ,-8.59 7.13 ,0.68 -0.79 ,-5.21 4.2 ,-4.43 3.29 ,-4.45 3.67 ,-8.07 6.67 ,-0.78 0.77 ,-6.48 5.04 ,-6.5 6.01 ,-6.58 5.21 ,-4.44 3.39 ,-3.25 2.25 ,-0.88 0.65 ,-3.22 2.58 ,-3.45 2.6 ,-1.85 1.17 ,-7.54 6.0 ,-0.82 0.19 ,-1.41 0.77 ,
#p2-k2
1.25 -1.62 ,2.62 -2.79 ,1.32 -1.6 ,0.64 -0.88 ,2.4 -2.28 ,0.65 -0.64 ,-0.88 0.78 ,4.24 -4.46 ,1.79 -1.94 ,0.86 -0.95 ,0.41 -0.37 ,2.9 -3.01 ,-0.69 0.48 ,-4.06 3.63 ,-2.89 2.82 ,0.47 -0.58 ,-0.96 0.86 ,-8.64 8.49 ,-8.08 7.76 ,-0.94 0.96 ,-5.06 5.07 ,-7.21 7.03 ,-9.87 10.12 ,-5.39 5.0 ,-3.0 2.65 ,-1.09 0.86 ,-5.34 5.37 ,-6.91 6.49 ,-5.65 5.48 ,-7.12 6.67 ,-1.49 1.77 ,-14.34 14.92 ,0.09 -0.26 ,-1.7 1.99 ,-11.52 11.85 ,-8.45 7.89 ,-5.67 5.69 ,-0.32 0.24 ,1.76 -2.39 ,-0.7 0.78 ,-11.75 11.59 ,-5.32 5.11 ,-13.07 13.04 ,-9.85 9.12 ,0.31 -0.41 ,-10.58 11.24 ,-8.23 8.26 ,-2.95 2.71 ,-7.88 8.33 ,-1.18 0.84 ,-3.37 2.91 ,-7.05 6.99 ,-6.96 6.95 ,-4.36 4.51 ,-1.65 1.21 ,-6.55 6.32 ,2.08 -2.09 ,-7.4 7.56 ,-9.62 9.57 ,-14.07 13.61 ,-0.6 0.46 ,-2.17 2.19 ,-3.59 3.23 ,-13.29 13.54 ,-6.91 7.4 ,-4.56 4.6 ,-6.35 5.85 ,0.09 -0.02 ,-2.72 1.75 ,-2.52 2.48 ,-1.44 1.18 ,-2.04 2.22 ,-2.81 2.57 ,-6.25 5.94 ,0.46 -0.74 ,-2.88 2.53 ,-2.1 1.98 ,-10.96 11.0 ,-4.28 3.55 ,-10.28 9.48 ,1.31 -1.57 ,-13.61 13.81 ,-9.44 9.74 ,-2.64 2.36 ,-4.12 3.52 ,-2.49 2.4 ,-0.64 0.67 ,-11.31 10.61 ,-5.8 5.73 ,
#p2-k3
-0.11 -0.03 ,-0.85 1.23 ,2.35 -2.43 ,3.85 -3.9 ,1.03 -0.76 ,3.45 -3.2 ,2.66 -2.64 ,-0.04 -0.1 ,0.67 -0.74 ,1.15 -1.09 ,0.83 -0.83 ,2.05 -2.04 ,-3.55 4.01 ,-4.0 4.08 ,-0.28 0.67 ,-0.91 1.05 ,-5.17 4.48 ,-6.09 6.39 ,-1.13 1.04 ,-3.82 3.86 ,-4.07 4.35 ,-4.58 4.93 ,-1.24 1.79 ,-7.07 7.14 ,-7.31 7.13 ,1.5 -1.48 ,-4.24 4.36 ,-1.29 1.95 ,-0.94 1.34 ,-4.15 4.49 ,-5.26 4.33 ,-7.57 7.63 ,-5.61 5.96 ,-4.01 4.16 ,-4.79 4.55 ,-4.95 4.82 ,-0.64 0.83 ,-8.47 8.01 ,0.66 -0.22 ,-2.5 2.79 ,-4.02 4.31 ,0.54 -0.19 ,-5.27 5.0 ,-5.13 5.69 ,1.57 -1.53 ,-2.34 2.56 ,-6.8 7.47 ,-4.47 4.09 ,-0.51 0.51 ,-4.03 4.24 ,-0.86 0.73 ,-0.54 0.72 ,-2.63 2.45 ,0.2 -0.01 ,-3.23 4.06 ,-10.37 10.68 ,-2.92 2.62 ,-0.83 0.92 ,-2.28 2.67 ,-1.89 2.66 ,-2.39 2.37 ,-3.25 3.9 ,-3.11 3.72 ,-4.86 4.4 ,-4.82 4.21 ,-6.08 6.65 ,-7.09 7.32 ,-3.58 4.01 ,-3.04 3.43 ,-0.9 0.76 ,-0.44 0.43 ,-3.46 3.47 ,-6.67 6.63 ,-3.07 3.17 ,-5.84 6.7 ,-5.45 5.48 ,1.24 -0.67 ,-3.31 3.54 ,-4.11 4.01 ,-1.77 1.57 ,-0.65 0.46 ,-2.83 2.77 ,-2.36 2.62 ,1.85 -2.01 ,-3.76 3.28 ,-2.14 1.83 ,-0.17 0.44 ,-6.67 6.43 ,-4.11 3.92 ,
#p2-k4
1.71 -1.61 ,1.66 -1.61 ,2.25 -2.48 ,0.87 -0.46 ,2.26 -2.16 ,2.15 -2.15 ,2.18 -2.3 ,1.87 -1.69 ,2.59 -2.56 ,2.24 -2.23 ,2.71 -2.45 ,1.83 -1.81 ,2.47 -2.25 ,0.14 0.31 ,0.24 -0.11 ,-3.39 3.45 ,-2.04 2.1 ,-3.98 3.81 ,1.13 -0.9 ,0.37 -0.25 ,-5.03 5.14 ,-3.59 3.9 ,-1.85 2.02 ,-1.81 2.37 ,0.71 -0.71 ,-5.66 6.5 ,-4.32 4.78 ,-7.95 8.68 ,-4.15 4.36 ,-3.89 4.85 ,-7.26 8.45 ,-7.22 8.09 ,-2.46 3.34 ,-1.2 1.19 ,-5.66 5.8 ,-5.55 6.35 ,-4.8 5.07 ,-3.54 4.23 ,-6.21 6.59 ,-4.11 4.31 ,-3.2 4.16 ,-4.07 4.24 ,-5.66 6.38 ,-11.38 11.23 ,-6.12 7.14 ,0.15 0.01 ,-4.77 5.42 ,-8.65 9.6 ,-4.77 4.99 ,-6.12 6.73 ,0.21 -0.28 ,0.37 0.02 ,-7.57 7.87 ,-2.51 2.16 ,-10.68 11.15 ,-5.88 6.39 ,-3.05 3.71 ,-2.0 2.73 ,-3.29 4.24 ,-0.57 1.27 ,-5.9 6.79 ,-3.13 3.75 ,1.27 -1.31 ,-5.66 6.53 ,-0.58 0.76 ,0.83 -0.78 ,-7.02 7.18 ,-2.95 3.2 ,-1.52 2.04 ,-3.38 3.95 ,-3.62 3.77 ,-0.36 1.04 ,-2.24 2.8 ,-9.79 11.95 ,-6.25 7.05 ,-0.42 0.5 ,-1.9 2.38 ,-3.8 4.27 ,-4.59 5.41 ,-4.94 5.19 ,-0.39 0.65 ,-2.96 3.0 ,-3.01 3.1 ,-7.67 8.68 ,-13.62 14.76 ,-10.27 11.45 ,-4.36 4.89 ,-2.73 2.95 ,-1.65 1.75 ,-2.65 2.91 ,-4.35 5.68 ,
#p3-k0
1.74 -1.64 ,1.75 -1.73 ,1.97 -1.52 ,3.24 -2.63 ,1.12 -0.95 ,1.19 -1.09 ,4.05 -3.72 ,-1.67 1.95 ,-0.11 0.31 ,3.96 -3.51 ,2.29 -1.88 ,1.29 -1.07 ,-4.64 5.24 ,-7.76 8.08 ,-1.26 1.57 ,-2.7 2.7 ,-2.7 2.67 ,0.49 -0.38 ,-6.34 7.38 ,-8.07 8.56 ,-9.39 8.71 ,-5.5 6.18 ,-3.51 4.54 ,-6.09 5.97 ,-6.46 6.95 ,-5.24 5.34 ,-1.02 1.79 ,-6.85 7.68 ,-6.14 6.73 ,-9.73 10.07 ,-3.58 3.85 ,-1.32 1.55 ,-3.05 3.32 ,-4.06 3.71 ,-6.89 7.5 ,-2.41 2.9 ,-0.85 1.13 ,-5.58 6.41 ,-0.38 0.93 ,-6.96 7.32 ,-0.48 0.65 ,-0.3 0.68 ,-5.99 5.8 ,-7.24 7.48 ,-1.53 1.74 ,1.11 -0.85 ,-9.43 9.67 ,-0.61 0.89 ,-3.19 3.99 ,-4.93 5.51 ,-4.43 4.65 ,-1.61 1.47 ,-8.87 9.49 ,-3.91 4.82 ,-5.42 5.9 ,-7.83 8.67 ,-2.81 2.87 ,-0.97 1.41 ,-0.75 0.72 ,-1.64 1.99 ,-5.9 6.05 ,-1.78 1.91 ,-8.64 8.4 ,-2.84 2.96 ,-3.74 3.81 ,-20.9 21.56 ,-8.41 9.68 ,-3.08 3.43 ,-5.94 5.88 ,0.72 -0.61 ,-0.68 1.2 ,-1.48 1.54 ,-5.56 6.34 ,-12.24 13.29 ,-14.92 15.41 ,-7.69 7.54 ,-6.31 5.76 ,-2.05 2.77 ,-7.66 7.68 ,-3.23 3.81 ,-3.19 3.85 ,0.97 -0.78 ,-11.01 11.81 ,-2.56 3.58 ,-9.16 9.62 ,-6.57 6.92 ,-3.28 3.87 ,-6.27 7.09 ,-9.01 8.53 ,
#p3-k1
-0.5 0.6 ,3.21 -2.95 ,1.63 -1.19 ,-2.75 2.62 ,2.38 -2.28 ,1.32 -0.87 ,2.04 -1.7 ,3.13 -2.87 ,5.37 -4.87 ,0.6 -0.2 ,2.4 -2.17 ,0.76 -0.57 ,-8.33 8.92 ,-1.94 2.23 ,-4.74 5.25 ,-5.64 6.1 ,-15.06 15.06 ,-8.73 8.79 ,-6.09 5.63 ,-5.3 5.66 ,-6.42 6.98 ,-4.41 4.31 ,-5.68 5.91 ,0.93 -0.87 ,-6.69 7.42 ,-2.79 3.64 ,-10.32 10.74 ,-4.24 3.99 ,-8.13 8.93 ,-5.55 5.57 ,-0.08 0.32 ,-3.06 3.36 ,-7.59 8.63 ,-8.38 9.34 ,-6.68 7.16 ,-6.51 6.38 ,-7.98 8.24 ,-2.79 4.18 ,-10.69 10.65 ,-2.31 2.31 ,-9.56 10.24 ,-6.61 6.96 ,-4.05 4.1 ,-9.23 10.11 ,-4.27 4.4 ,-5.61 5.96 ,-2.62 2.92 ,-7.2 7.93 ,-9.45 10.09 ,-6.66 7.01 ,-7.18 7.59 ,-5.68 7.04 ,-3.83 3.86 ,-3.15 3.62 ,-7.46 7.84 ,0.69 -0.59 ,-3.01 3.27 ,-2.41 2.55 ,-2.15 2.19 ,-8.29 9.02 ,-12.66 13.53 ,-5.19 5.33 ,-1.04 1.24 ,-7.77 8.85 ,-12.33 12.32 ,-8.26 8.17 ,-6.41 6.82 ,-8.49 8.64 ,-9.14 9.6 ,-11.22 11.89 ,-7.23 7.84 ,-3.35 3.41 ,-4.09 4.22 ,-9.79 10.0 ,-6.44 7.58 ,-3.19 3.92 ,-2.8 2.61 ,-3.03 2.89 ,-6.46 6.66 ,-0.69 0.96 ,-3.71 4.13 ,-3.27 3.64 ,-10.04 10.41 ,-8.08 8.08 ,-1.75 2.1 ,-8.17 8.34 ,-6.07 6.58 ,-2.71 2.38 ,-3.26 3.46 ,
#p3-k2
1.64 -1.78 ,-0.55 0.69 ,2.68 -2.59 ,2.17 -1.89 ,1.17 -1.16 ,0.83 -0.84 ,0.75 -0.75 ,1.26 -1.34 ,1.58 -1.81 ,0.1 -0.28 ,2.84 -2.93 ,1.06 -0.99 ,0.44 -0.89 ,1.13 -1.39 ,-2.84 3.3 ,-10.2 10.29 ,-2.13 1.89 ,1.74 -1.63 ,-9.61 9.94 ,-6.46 6.6 ,-8.98 9.23 ,-5.26 6.45 ,-6.19 5.15 ,-2.11 2.06 ,-2.74 3.38 ,-4.64 4.96 ,-4.93 5.55 ,-6.13 6.46 ,-1.85 2.09 ,-0.79 0.14 ,-0.98 0.99 ,1.43 -1.34 ,-1.64 1.84 ,-1.9 1.78 ,-5.66 5.79 ,-4.81 4.93 ,-3.03 2.95 ,-4.01 4.14 ,-0.94 1.22 ,-3.71 3.88 ,-2.18 1.82 ,-4.03 4.38 ,-7.3 7.25 ,-2.9 3.3 ,-3.5 3.45 ,0.65 -0.71 ,-1.56 2.02 ,-7.88 7.99 ,-2.22 2.23 ,-7.94 8.08 ,-3.85 3.33 ,-2.81 2.91 ,-3.57 3.11 ,0.07 0.25 ,0.72 -0.4 ,1.11 -1.19 ,-1.18 0.9 ,-5.25 6.12 ,0.54 -0.38 ,-5.37 5.69 ,-3.41 3.15 ,-3.67 4.4 ,-6.7 7.13 ,-0.74 0.88 ,-3.73 4.22 ,0.22 -0.25 ,-2.29 2.39 ,-6.24 5.76 ,0.47 -0.32 ,-4.55 4.95 ,0.83 -0.71 ,-4.22 4.53 ,-2.1 1.95 ,-0.64 0.95 ,-7.63 7.84 ,-5.09 5.43 ,-3.8 4.16 ,-1.81 2.12 ,-10.19 10.14 ,-1.61 2.02 ,-3.74 4.06 ,-0.35 0.52 ,-3.04 2.93 ,-8.72 8.28 ,-7.63 7.59 ,-3.49 3.9 ,-3.29 3.45 ,-1.96 2.13 ,-4.23 4.09 ,
#p3-k3
3.46 -3.2 ,2.2 -2.09 ,0.14 0.32 ,1.77 -1.7 ,-0.84 0.13 ,2.44 -2.36 ,1.14 -1.24 ,2.45 -2.52 ,-1.44 1.39 ,2.46 -2.51 ,3.06 -2.68 ,1.81 -1.65 ,-6.56 6.32 ,1.72 -1.38 ,-7.1 6.75 ,-4.01 3.94 ,-3.03 2.62 ,-3.47 3.73 ,-4.3 4.48 ,-5.45 5.78 ,-7.71 7.41 ,-4.77 5.24 ,-4.12 4.4 ,-6.38 6.92 ,-0.67 1.06 ,-6.14 6.25 ,-3.99 4.37 ,-4.06 4.38 ,-6.0 6.06 ,-0.11 0.38 ,-0.58 0.36 ,-4.89 4.91 ,-10.04 9.94 ,-11.5 11.45 ,-8.57 8.78 ,-1.5 1.41 ,-7.35 8.18 ,-8.46 8.38 ,-4.41 4.34 ,-3.28 3.3 ,-4.98 5.48 ,-7.46 7.69 ,-3.36 3.66 ,-1.89 2.24 ,-6.95 7.55 ,-11.15 11.36 ,-1.98 2.56 ,0.77 -1.04 ,-2.68 2.4 ,-1.4 1.3 ,-3.53 4.32 ,-2.96 3.3 ,-5.86 5.72 ,-2.27 2.88 ,-4.21 4.28 ,-6.93 7.36 ,-6.05 5.9 ,-4.35 4.63 ,-2.84 3.2 ,-3.51 3.18 ,-5.81 5.55 ,1.43 -1.2 ,-6.42 6.46 ,-3.0 2.97 ,-4.65 4.66 ,-4.62 5.09 ,-6.14 6.22 ,-5.96 6.46 ,-3.49 3.69 ,-0.34 0.33 ,-0.68 0.64 ,-3.32 3.62 ,-7.39 7.6 ,-7.88 8.42 ,-3.48 3.4 ,-3.61 4.5 ,-5.16 5.52 ,-6.02 6.23 ,-8.6 8.98 ,-5.39 5.36 ,-3.95 4.28 ,-4.98 5.59 ,-7.77 7.79 ,0.16 -0.83 ,-3.5 3.47 ,2.53 -2.2 ,-2.47 1.85 ,1.56 -1.4 ,0.05 -0.03 ,
#p3-k4
-7.97 8.96 ,-0.5 1.81 ,0.42 -0.11 ,-2.12 2.79 ,-4.06 4.73 ,-6.64 7.89 ,1.03 0.02 ,1.09 -0.49 ,5.33 -4.83 ,5.75 -4.88 ,8.08 -7.17 ,-0.23 0.96 ,-11.09 13.18 ,-2.71 4.05 ,-4.93 6.12 ,2.07 -1.73 ,-26.36 29.22 ,-15.19 17.81 ,-12.63 14.81 ,-8.23 9.91 ,-16.11 17.65 ,-13.98 15.48 ,-40.52 41.15 ,-13.87 16.1 ,-18.77 20.13 ,-18.86 20.68 ,-5.66 6.53 ,-16.62 17.83 ,-10.33 11.19 ,-11.85 13.55 ,-18.93 20.6 ,-11.02 12.3 ,-13.24 14.54 ,0.45 -0.06 ,-12.09 13.82 ,-13.98 16.21 ,-10.6 11.6 ,-23.01 26.46 ,-1.37 2.24 ,-33.65 35.41 ,-10.61 12.7 ,-8.51 9.96 ,-39.56 40.3 ,-16.89 17.71 ,-2.43 3.36 ,-4.69 6.09 ,-6.5 7.85 ,-10.91 12.02 ,-13.48 16.39 ,-4.96 6.61 ,0.21 0.9 ,-4.06 4.51 ,-4.96 6.4 ,1.02 -0.81 ,-1.16 2.42 ,-2.82 3.81 ,-39.93 42.08 ,-31.13 32.94 ,1.6 0.03 ,-24.01 25.88 ,-18.38 20.14 ,-7.77 9.5 ,1.08 -0.33 ,1.62 -1.23 ,-17.89 19.16 ,-20.53 20.84 ,-10.95 11.82 ,-0.02 0.52 ,-2.03 3.04 ,-6.29 7.43 ,-6.15 7.23 ,0.72 0.65 ,-5.01 6.16 ,-26.95 29.55 ,-19.47 21.61 ,-21.5 23.53 ,-11.79 13.25 ,-29.56 31.16 ,-14.32 15.06 ,-3.76 4.43 ,-5.42 6.13 ,-4.59 5.67 ,-18.45 20.07 ,-25.08 27.47 ,-25.63 28.14 ,-16.14 18.26 ,-12.17 13.9 ,-30.63 31.63 ,-8.76 10.15 ,-5.18 6.54 ,-3.13 4.11 ,
#p4-k0
2.9 -2.69 ,1.13 -0.75 ,2.58 -2.46 ,2.28 -2.11 ,0.51 0.04 ,2.07 -1.68 ,-2.39 2.79 ,-2.49 3.02 ,3.3 -2.51 ,1.25 -1.02 ,0.99 -0.53 ,4.0 -3.69 ,-10.2 11.11 ,-1.71 2.67 ,-8.48 9.66 ,-7.93 8.81 ,-4.06 4.3 ,-6.93 7.31 ,0.45 -0.37 ,-6.77 8.19 ,-1.5 3.15 ,-7.38 8.54 ,-9.58 10.72 ,-4.74 5.23 ,-1.74 1.6 ,-5.88 6.21 ,-5.18 5.91 ,-7.1 6.97 ,-11.55 12.87 ,-10.63 11.53 ,-7.67 8.31 ,-5.92 7.06 ,-11.93 13.2 ,-6.34 6.92 ,-0.53 0.86 ,-5.01 5.33 ,-8.97 9.67 ,-5.26 5.39 ,-7.9 9.52 ,-4.63 5.37 ,-6.61 7.62 ,-7.24 7.53 ,-2.5 3.72 ,-5.69 7.46 ,-5.58 5.54 ,-10.49 11.74 ,-7.75 8.93 ,-1.08 1.87 ,-5.28 6.03 ,-3.67 5.38 ,-6.77 7.16 ,-3.72 4.04 ,-5.53 6.45 ,-1.79 1.98 ,-4.38 5.09 ,-1.73 2.25 ,-7.86 10.02 ,-0.68 1.43 ,-6.21 6.81 ,-3.77 4.23 ,-1.2 1.91 ,-11.82 12.27 ,-6.34 7.23 ,-6.34 6.99 ,-5.71 5.7 ,-5.86 6.32 ,-11.99 13.87 ,-5.88 6.9 ,-9.53 9.89 ,-5.42 5.7 ,-2.02 2.45 ,-9.69 10.66 ,-2.86 4.12 ,-2.97 4.32 ,-5.76 7.04 ,-13.74 15.57 ,-7.8 8.81 ,-14.63 16.19 ,-7.83 8.28 ,-4.5 4.78 ,-3.33 4.02 ,-7.83 8.61 ,-5.74 7.43 ,-1.86 2.35 ,-3.26 4.13 ,-2.19 2.26 ,-8.61 9.67 ,-8.13 8.77 ,-6.78 8.59 ,
#p4-k1
-0.45 0.4 ,2.0 -2.17 ,0.59 -0.68 ,1.57 -1.69 ,0.22 -0.46 ,0.93 -0.95 ,1.59 -1.79 ,2.7 -2.99 ,-2.31 2.04 ,-4.21 4.15 ,0.83 -1.2 ,1.48 -1.78 ,-1.38 1.1 ,-5.08 5.21 ,1.06 -1.08 ,-8.43 8.66 ,-7.26 7.33 ,-9.23 9.13 ,-4.27 3.85 ,1.2 -1.13 ,-3.63 3.78 ,-3.2 3.26 ,-4.44 4.14 ,-6.34 6.8 ,-6.91 6.99 ,-4.67 4.85 ,-1.72 1.63 ,-1.95 1.75 ,-6.35 6.38 ,-4.04 4.1 ,-9.15 9.08 ,-4.56 4.85 ,-3.91 4.22 ,-4.97 5.03 ,-4.07 3.65 ,-6.41 6.83 ,-2.52 2.32 ,-2.44 2.48 ,-8.41 8.04 ,-7.22 7.13 ,-4.54 4.6 ,0.39 -0.45 ,-6.33 6.22 ,-3.54 3.29 ,-1.02 0.87 ,-4.1 3.82 ,-3.27 3.18 ,-7.63 7.41 ,-2.49 2.37 ,-2.94 2.73 ,-5.94 5.29 ,-5.35 5.13 ,-5.2 5.34 ,-4.75 4.41 ,-6.98 7.38 ,-4.56 4.73 ,-1.36 1.65 ,-4.29 4.07 ,-8.35 8.59 ,-0.68 0.56 ,-3.29 3.19 ,-10.64 10.57 ,-2.23 2.26 ,-5.39 5.19 ,-5.99 6.2 ,-4.53 4.99 ,-7.96 8.13 ,-7.89 8.25 ,-8.76 8.77 ,-0.67 0.67 ,-3.03 2.93 ,-3.2 3.26 ,-5.86 5.46 ,-3.76 3.93 ,-5.5 5.4 ,-5.62 5.6 ,-9.54 9.78 ,-4.58 3.87 ,0.06 0.12 ,-5.17 5.76 ,0.43 -0.47 ,-7.96 8.15 ,-4.59 4.31 ,-4.44 4.22 ,-5.28 5.5 ,-2.7 2.52 ,-7.24 6.87 ,-0.52 0.47 ,-7.23 7.24 ,
#p4-k2
1.07 -1.0 ,-0.52 0.93 ,1.26 -1.08 ,-0.1 0.75 ,0.48 -0.21 ,1.89 -1.5 ,-5.87 6.41 ,0.21 0.11 ,0.49 -0.38 ,0.32 -0.2 ,-3.94 4.44 ,1.37 -1.17 ,-6.34 7.01 ,-5.52 5.82 ,-7.5 7.9 ,-5.46 5.4 ,1.54 -1.19 ,-1.89 2.37 ,-7.04 7.33 ,-1.6 1.88 ,-0.61 0.84 ,-0.13 0.34 ,-0.17 0.4 ,-3.87 4.33 ,-1.87 2.19 ,-1.25 2.03 ,-3.47 3.74 ,0.01 0.13 ,-10.44 11.07 ,-0.14 0.32 ,-3.82 4.48 ,-3.55 4.47 ,-2.58 2.84 ,-2.82 3.0 ,-6.63 7.23 ,-8.46 8.56 ,-0.58 0.77 ,-4.11 4.02 ,-4.21 4.75 ,-6.0 6.68 ,-9.63 10.05 ,0.14 0.38 ,-4.08 4.52 ,-3.1 3.32 ,-8.63 9.27 ,-3.76 4.26 ,0.15 -0.07 ,-4.05 4.53 ,-5.94 6.41 ,-4.81 5.23 ,0.52 -0.17 ,-4.0 3.96 ,-0.32 0.46 ,-10.71 11.16 ,-9.46 10.16 ,-3.2 3.52 ,-4.19 4.27 ,-5.64 6.06 ,-0.91 1.3 ,-9.04 9.67 ,-2.52 2.81 ,-3.13 3.48 ,-4.53 5.24 ,-7.2 7.07 ,-2.14 2.61 ,-3.18 3.83 ,-2.34 2.86 ,-5.02 5.28 ,-1.19 1.81 ,-0.31 0.54 ,-6.32 6.75 ,-2.98 3.32 ,-5.52 6.07 ,-1.25 1.95 ,-9.74 10.67 ,-13.06 13.3 ,-2.11 2.6 ,-4.5 5.14 ,-4.53 4.79 ,-0.4 0.61 ,-6.73 7.32 ,-0.59 1.06 ,-2.93 3.1 ,-5.95 6.09 ,-1.61 1.98 ,0.41 -0.31 ,-2.43 3.05 ,0.22 -0.05 ,-4.16 4.39 ,
#p4-k3
-0.59 0.62 ,1.34 -1.17 ,-1.79 1.15 ,1.72 -1.39 ,-0.32 0.38 ,0.76 -1.03 ,-1.01 0.26 ,0.2 -0.54 ,2.46 -2.24 ,0.72 -0.86 ,1.08 -0.94 ,-0.16 0.25 ,-2.81 2.53 ,0.11 -0.02 ,-2.65 2.68 ,-1.64 1.48 ,-8.01 7.43 ,-4.33 3.88 ,-4.62 4.81 ,-1.41 1.69 ,-10.48 9.98 ,-0.81 0.41 ,0.64 -0.54 ,-3.13 3.29 ,-7.0 6.66 ,-5.31 5.12 ,-8.73 8.01 ,-0.84 0.77 ,-10.05 9.85 ,-1.04 1.03 ,-3.48 3.36 ,-11.15 11.0 ,-5.42 5.06 ,-0.33 0.23 ,-5.42 5.07 ,-6.68 5.85 ,-6.44 6.15 ,-0.11 0.24 ,-0.8 0.64 ,-3.2 2.71 ,-2.98 3.39 ,-7.24 6.52 ,-2.52 2.53 ,-5.3 5.12 ,-0.44 0.07 ,-6.0 5.43 ,-2.01 2.04 ,-4.51 4.74 ,-7.95 7.83 ,-2.51 2.73 ,-3.57 3.3 ,-3.15 3.24 ,-3.53 3.83 ,-6.6 5.82 ,-7.01 6.54 ,-5.9 5.38 ,-9.39 9.15 ,-8.39 7.44 ,-5.28 4.98 ,-0.65 0.54 ,-5.52 5.22 ,-11.6 11.62 ,-3.04 2.78 ,-2.3 2.51 ,-1.47 1.59 ,-0.52 0.41 ,-1.58 1.36 ,-7.03 6.43 ,-6.68 6.27 ,-3.65 3.05 ,-3.61 2.69 ,-4.51 4.28 ,0.07 -0.29 ,-3.79 4.09 ,-3.75 3.69 ,-7.36 6.55 ,-3.76 3.86 ,-6.21 5.7 ,-9.42 8.76 ,-3.99 3.9 ,0.15 -0.35 ,-4.64 3.7 ,-5.94 5.53 ,-1.7 1.7 ,-10.79 10.4 ,-10.26 10.64 ,-7.83 6.79 ,0.78 -0.87 ,-9.3 8.86 ,
#p4-k4
-0.13 0.36 ,-8.07 7.59 ,-1.71 1.84 ,-1.1 1.09 ,-14.71 13.77 ,1.67 -1.55 ,0.44 -0.23 ,-5.71 5.76 ,0.29 -0.63 ,-6.11 5.79 ,-9.41 9.24 ,-6.8 6.68 ,-1.01 0.72 ,-1.68 1.95 ,-24.61 23.39 ,-7.82 7.69 ,-11.69 11.63 ,-11.05 10.23 ,-12.93 12.18 ,-17.21 16.35 ,-16.37 16.27 ,-8.89 8.66 ,-19.76 19.5 ,-15.81 15.25 ,-18.13 17.14 ,-27.93 25.89 ,-2.03 2.57 ,-16.19 15.53 ,-18.61 18.4 ,-9.25 8.68 ,-12.87 12.95 ,-13.03 12.81 ,-24.15 23.74 ,-13.53 13.5 ,-12.39 11.64 ,-12.33 11.49 ,-10.27 10.39 ,-22.43 21.21 ,-10.4 10.17 ,-20.7 20.1 ,-13.32 13.02 ,-11.21 10.76 ,-11.19 10.71 ,-16.35 15.5 ,-22.81 21.78 ,-15.13 14.4 ,-14.11 13.16 ,-15.08 14.32 ,-6.49 6.14 ,-16.58 16.07 ,-16.48 15.52 ,-19.16 18.28 ,-23.29 22.17 ,-21.44 20.78 ,-20.56 20.08 ,-7.62 8.07 ,-12.14 11.12 ,-19.64 19.68 ,-10.57 10.03 ,-20.56 20.88 ,-15.68 14.59 ,-8.09 8.18 ,-10.79 10.68 ,-17.93 17.62 ,-20.23 18.67 ,-13.09 12.63 ,-15.54 14.96 ,-26.65 25.43 ,-5.91 5.82 ,-9.38 8.39 ,-16.03 15.26 ,-4.64 4.8 ,-19.92 19.52 ,0.08 0.21 ,-9.1 9.02 ,-10.87 10.31 ,-14.59 13.82 ,-5.21 4.58 ,-12.4 12.51 ,-13.1 12.68 ,-27.11 25.98 ,-13.53 12.94 ,-6.02 5.83 ,-3.68 3.67 ,-13.49 13.09 ,-23.71 22.34 ,-20.06 19.05 ,-23.58 22.48 ,-23.97 22.54 ,-9.46 8.97 ,-15.23 14.82 ,
#p5-k0
0.58 -0.63 ,0.95 -1.23 ,0.28 -0.33 ,0.49 -0.58 ,0.47 -0.61 ,0.75 -0.81 ,-0.24 0.01 ,-1.42 1.13 ,-0.45 0.29 ,-0.42 0.22 ,0.13 -0.21 ,0.49 -0.54 ,-4.96 5.23 ,-7.12 7.31 ,-2.01 2.33 ,-8.09 8.24 ,-8.31 7.92 ,-2.02 1.66 ,-0.16 0.37 ,-6.51 5.97 ,-4.04 3.79 ,-8.63 9.21 ,-9.93 10.15 ,-2.37 2.22 ,-6.63 6.7 ,-3.71 3.67 ,-3.76 3.99 ,-7.18 7.13 ,-1.72 1.56 ,-3.69 3.61 ,-0.09 -0.12 ,-0.27 0.27 ,-5.8 5.76 ,-5.29 4.8 ,-5.87 6.01 ,-5.94 5.95 ,-6.28 6.83 ,-8.46 8.49 ,-6.64 6.78 ,-3.57 3.37 ,-11.87 11.91 ,-11.44 11.54 ,-5.75 5.93 ,-4.57 4.25 ,-7.56 7.4 ,-5.42 5.1 ,-0.35 -0.03 ,-2.23 2.37 ,-7.04 6.67 ,-4.92 4.67 ,-2.64 2.48 ,-3.8 3.21 ,-5.8 5.75 ,-2.42 2.24 ,-2.91 3.41 ,-11.61 12.09 ,-2.88 3.01 ,-2.52 2.37 ,-6.01 6.55 ,-5.44 5.48 ,-2.25 1.87 ,-5.29 5.04 ,-7.87 7.51 ,-3.18 2.96 ,-8.63 8.36 ,-3.79 4.0 ,-6.04 6.08 ,-3.1 2.86 ,-9.0 9.1 ,-7.85 7.64 ,-2.1 2.03 ,-11.29 11.48 ,-0.28 0.11 ,-0.23 0.04 ,-2.11 2.24 ,-4.99 5.21 ,-3.56 3.49 ,-6.19 5.86 ,-5.77 5.47 ,-3.28 2.9 ,-15.73 15.7 ,-5.28 4.95 ,-3.73 3.91 ,-12.13 11.74 ,-0.17 -0.05 ,-7.77 7.79 ,-2.02 1.92 ,-1.7 2.03 ,-4.18 3.66 ,
#p5-k1
1.17 -1.13 ,1.83 -1.82 ,1.56 -1.67 ,1.56 -1.69 ,2.4 -2.44 ,1.2 -1.12 ,0.36 -0.11 ,1.36 -1.35 ,-0.83 0.79 ,-0.45 0.59 ,1.73 -1.87 ,1.65 -1.66 ,-6.16 7.0 ,-10.05 10.61 ,0.23 0.24 ,-7.9 8.58 ,0.06 0.49 ,-8.02 8.6 ,-8.02 8.28 ,-7.21 7.57 ,-5.75 6.22 ,-0.99 1.39 ,-3.67 4.15 ,-4.76 4.69 ,-3.33 3.94 ,-7.63 7.9 ,-6.83 6.66 ,-10.04 10.32 ,-8.3 9.03 ,-5.76 6.29 ,-3.97 4.89 ,-3.0 2.77 ,-2.34 2.3 ,-8.01 8.72 ,-12.63 12.9 ,0.28 0.05 ,-3.17 3.83 ,-1.02 1.8 ,-2.38 2.73 ,-5.03 5.07 ,-12.29 13.67 ,-5.56 5.83 ,-7.82 8.53 ,-9.21 9.77 ,-2.91 3.87 ,-11.07 11.07 ,-5.18 5.24 ,-8.18 8.77 ,-7.0 7.38 ,-6.03 6.11 ,-0.85 1.07 ,-3.42 3.69 ,-0.26 0.45 ,-0.73 0.44 ,-8.96 10.12 ,-2.34 2.22 ,-0.3 0.43 ,-3.57 3.64 ,-8.53 9.1 ,-1.54 1.58 ,-7.48 7.74 ,-9.6 9.68 ,-1.35 1.53 ,-11.98 12.13 ,-3.0 3.45 ,0.04 -0.04 ,-10.22 11.18 ,-3.86 3.85 ,-7.75 8.3 ,-4.47 4.69 ,-7.44 8.24 ,-10.1 11.55 ,-2.54 3.29 ,-4.37 4.54 ,-5.83 6.32 ,-4.17 4.49 ,-1.4 1.83 ,-1.26 1.46 ,-3.25 3.26 ,-3.3 3.83 ,-1.21 1.12 ,-2.76 2.64 ,-8.29 9.42 ,-5.51 6.04 ,-5.52 5.71 ,-1.98 1.81 ,0.42 -0.08 ,-5.34 5.11 ,-5.4 5.42 ,
#p5-k2
-0.1 0.16 ,-0.59 0.54 ,1.18 -1.09 ,2.0 -2.01 ,-1.57 1.37 ,-3.92 3.71 ,0.26 -0.46 ,1.1 -1.25 ,0.96 -1.14 ,-0.86 0.6 ,0.13 -0.18 ,1.65 -1.63 ,-4.26 4.2 ,-5.36 5.41 ,-4.71 4.31 ,-4.31 3.94 ,-4.75 4.45 ,-7.73 7.41 ,-0.32 0.43 ,-2.83 2.22 ,-3.33 2.94 ,-7.43 7.04 ,-2.86 2.26 ,-5.1 4.6 ,-7.03 6.44 ,-7.14 6.82 ,-0.89 0.66 ,0.14 0.11 ,-0.97 0.88 ,0.48 -0.53 ,-1.21 1.28 ,-2.83 2.98 ,-0.84 0.9 ,-3.58 3.51 ,-6.65 5.98 ,-5.83 5.24 ,-4.55 4.25 ,-4.57 3.94 ,0.2 -0.32 ,-6.23 5.77 ,-7.01 6.02 ,-4.28 4.51 ,-3.19 3.16 ,-3.67 3.62 ,-0.93 0.89 ,-3.71 3.51 ,-2.1 1.93 ,-0.6 0.58 ,-1.88 1.56 ,-0.98 0.8 ,-6.49 6.33 ,-6.26 5.95 ,-7.1 6.8 ,-2.31 2.23 ,-0.93 0.7 ,-9.26 8.66 ,-7.81 6.67 ,-1.46 1.35 ,-7.88 7.5 ,-2.89 2.63 ,-4.53 4.48 ,-7.94 7.38 ,-3.12 2.55 ,-7.0 6.84 ,-3.44 3.46 ,-5.36 5.09 ,-2.9 2.9 ,1.43 -1.38 ,-2.97 2.92 ,-0.66 0.5 ,-2.89 3.02 ,-0.1 0.17 ,-1.31 1.11 ,-3.71 3.51 ,-2.86 2.72 ,-2.53 2.66 ,-5.95 5.09 ,-1.77 1.58 ,-2.76 2.67 ,-9.07 8.48 ,-5.41 4.85 ,-5.0 4.7 ,-6.59 5.45 ,-3.84 3.89 ,-4.38 3.9 ,-2.48 1.89 ,-0.78 0.45 ,-6.58 5.34 ,-3.77 3.02 ,
#p5-k3
-0.83 1.62 ,2.05 -1.61 ,2.34 -1.95 ,0.2 0.04 ,0.12 0.45 ,2.21 -2.05 ,0.42 -0.02 ,1.31 -1.21 ,2.21 -1.89 ,2.49 -1.99 ,2.17 -1.77 ,2.38 -1.97 ,-6.25 7.12 ,-2.91 3.82 ,-2.54 2.81 ,-5.24 5.68 ,-3.48 4.2 ,-3.76 4.44 ,-2.22 2.61 ,-6.04 6.04 ,-4.08 4.61 ,1.32 -0.89 ,-4.36 4.8 ,-4.2 4.33 ,-0.71 0.72 ,-1.58 1.62 ,-5.69 5.62 ,-3.21 3.36 ,-3.15 3.16 ,-3.82 4.02 ,-8.09 9.17 ,-5.95 6.55 ,-0.7 1.17 ,-3.26 3.75 ,0.3 -0.18 ,-1.92 2.57 ,-0.31 0.68 ,-7.02 8.0 ,-0.19 0.57 ,-7.23 7.71 ,-2.92 3.4 ,-1.29 1.53 ,-2.12 2.56 ,-4.54 5.26 ,-7.22 8.13 ,-7.33 8.84 ,-4.75 5.22 ,-5.63 6.44 ,-0.37 0.65 ,-3.27 4.02 ,0.8 -0.4 ,0.23 0.01 ,-1.62 2.47 ,-10.14 11.04 ,-3.36 3.4 ,-3.46 3.43 ,-5.66 6.91 ,0.78 0.06 ,-3.89 5.03 ,-3.9 4.23 ,-6.82 7.63 ,-1.36 1.77 ,-3.79 3.86 ,-5.0 5.39 ,-2.78 3.93 ,-4.13 4.49 ,-5.65 6.72 ,-3.22 4.08 ,-4.71 5.31 ,2.14 -1.65 ,-2.68 3.25 ,-4.64 4.99 ,-4.99 5.47 ,-6.96 7.79 ,-4.46 5.06 ,3.31 -2.97 ,-7.77 8.64 ,-3.83 4.6 ,-4.95 5.82 ,-5.0 6.04 ,-1.58 2.04 ,-2.77 3.28 ,-5.91 5.93 ,-3.43 4.47 ,2.58 -2.5 ,-4.59 5.68 ,-1.27 1.32 ,-4.7 4.79 ,-6.9 8.29 ,
#p5-k4
0.96 -0.7 ,-10.06 12.23 ,1.24 -1.2 ,-2.03 3.1 ,-4.71 4.77 ,2.82 -2.5 ,-7.82 8.72 ,2.1 -1.84 ,1.76 -1.57 ,-6.33 6.8 ,-1.13 1.97 ,-6.27 6.19 ,-0.24 1.67 ,-6.16 7.19 ,0.63 -0.6 ,-16.75 17.87 ,-8.85 8.81 ,-36.56 37.34 ,-12.49 12.47 ,-0.83 1.08 ,-4.74 5.06 ,-3.0 3.08 ,-3.19 3.42 ,-8.35 8.44 ,-27.33 27.96 ,0.79 -0.68 ,-14.04 14.43 ,-6.97 7.01 ,-15.58 14.63 ,-29.99 28.12 ,-15.71 15.44 ,-21.25 21.99 ,-33.12 34.09 ,-14.96 14.91 ,-16.04 16.72 ,-1.03 1.27 ,-27.24 26.64 ,-18.22 17.95 ,1.81 -1.67 ,-7.84 8.02 ,-7.18 7.29 ,-26.29 26.28 ,-8.12 8.09 ,-1.86 2.16 ,1.38 -1.35 ,-2.06 2.58 ,0.98 -0.77 ,-13.62 13.78 ,-13.32 13.29 ,-16.76 16.78 ,-18.3 18.4 ,-5.4 5.26 ,-16.98 17.21 ,0.48 -0.48 ,-16.85 16.73 ,-23.64 24.22 ,-0.07 0.27 ,-4.42 4.63 ,0.24 0.02 ,0.42 -0.39 ,-9.49 9.88 ,-0.94 1.09 ,-0.09 0.24 ,-20.69 20.86 ,-14.2 15.08 ,-5.78 6.15 ,0.58 -0.42 ,-23.45 23.87 ,-4.13 4.24 ,-26.56 27.63 ,-0.95 1.2 ,-2.56 2.81 ,0.26 0.02 ,-6.18 6.75 ,-21.68 21.56 ,-3.42 3.61 ,-18.29 18.54 ,1.47 -1.23 ,-23.73 24.13 ,1.09 -1.0 ,-7.21 7.05 ,-12.45 12.91 ,-1.4 1.53 ,-15.88 16.43 ,-27.59 27.66 ,-25.59 25.46 ,-10.16 10.66 ,-8.94 9.87 ,-9.29 9.42 ,-7.65 8.29 ,-18.72 18.94 ,
#p6-k0
-0.57 0.89 ,1.8 -1.85 ,2.06 -2.1 ,0.66 -0.53 ,3.43 -2.98 ,2.08 -1.82 ,-1.48 1.66 ,2.26 -2.17 ,1.51 -1.28 ,0.84 -0.72 ,1.32 -1.11 ,1.44 -1.24 ,-4.05 4.81 ,-9.84 10.53 ,-11.63 12.46 ,-6.12 6.47 ,-15.73 16.85 ,-9.57 10.08 ,-5.81 6.62 ,-8.19 9.38 ,-5.05 5.32 ,-11.13 11.63 ,-5.54 5.82 ,-4.25 4.65 ,-2.63 2.9 ,-0.36 0.86 ,-1.21 1.62 ,-5.84 6.99 ,-0.68 1.1 ,-3.28 3.5 ,-2.5 2.91 ,-4.83 5.82 ,-7.64 8.71 ,-2.33 2.66 ,-8.83 9.06 ,-0.95 1.33 ,-4.01 4.77 ,-5.74 6.29 ,-1.51 1.96 ,-2.86 3.72 ,-0.07 0.32 ,0.96 -0.91 ,-15.05 15.93 ,-9.28 10.13 ,-1.42 1.8 ,-6.09 6.27 ,-6.82 7.56 ,-1.68 1.96 ,-4.63 4.57 ,-0.24 0.49 ,-4.94 5.87 ,-6.23 6.31 ,1.29 -0.98 ,-0.73 1.06 ,-0.68 1.09 ,-0.95 1.07 ,-8.33 8.44 ,-13.64 14.51 ,-3.23 4.03 ,-4.47 4.93 ,-6.06 6.81 ,-4.71 5.42 ,-3.18 3.06 ,-10.67 11.78 ,-6.81 7.85 ,-2.85 3.32 ,-0.21 0.46 ,-4.06 4.47 ,-3.26 3.43 ,-0.31 0.96 ,-3.42 4.24 ,-1.19 1.52 ,-5.84 6.32 ,-8.72 9.33 ,-4.26 4.64 ,-16.51 17.46 ,-1.62 2.0 ,1.91 -1.63 ,-4.98 5.29 ,-1.11 1.59 ,-4.43 5.01 ,-2.3 2.71 ,-5.49 6.4 ,-18.04 18.42 ,-12.41 13.01 ,-3.56 3.8 ,-1.08 1.84 ,-4.03 4.39 ,1.42 -1.23 ,
#p6-k1
0.22 0.47 ,1.91 -1.35 ,2.92 -2.44 ,2.23 -1.94 ,1.17 -0.97 ,-0.03 0.63 ,-0.2 0.75 ,1.87 -1.41 ,2.55 -2.06 ,0.76 0.07 ,0.87 -0.26 ,3.24 -3.05 ,-2.85 3.26 ,-2.67 3.02 ,-0.49 0.82 ,-5.98 7.28 ,-4.81 5.41 ,-10.06 11.35 ,-0.2 0.6 ,1.61 -1.27 ,-6.12 7.02 ,-8.3 8.87 ,-2.55 3.79 ,-1.37 2.07 ,-9.67 10.81 ,-3.93 4.96 ,-3.02 3.73 ,-9.31 9.29 ,-5.62 5.98 ,-2.2 2.72 ,-7.32 8.13 ,-4.37 5.55 ,-5.5 5.91 ,-1.46 2.27 ,0.01 0.38 ,-0.84 1.44 ,-6.5 7.07 ,-3.22 3.8 ,-10.34 10.45 ,-5.41 6.64 ,-5.21 5.49 ,-11.03 11.27 ,-4.94 5.63 ,-2.67 2.34 ,-11.44 11.83 ,-7.18 8.27 ,-7.24 7.96 ,-7.06 7.2 ,-3.12 3.55 ,-6.76 7.92 ,-1.61 2.13 ,-1.57 1.84 ,-4.53 5.44 ,-6.84 7.28 ,-8.23 8.97 ,-3.84 4.91 ,-9.03 8.66 ,-16.57 16.31 ,-3.32 4.03 ,-7.02 7.5 ,-0.94 1.55 ,-4.45 5.08 ,-0.57 0.94 ,-2.13 3.08 ,-4.62 5.0 ,-9.03 9.82 ,-4.86 5.44 ,-9.22 9.21 ,-5.66 6.14 ,-3.72 4.3 ,-11.33 12.18 ,-1.79 2.38 ,-12.95 13.54 ,-4.69 4.85 ,-5.1 6.55 ,-8.25 8.69 ,-0.61 1.0 ,0.45 0.06 ,-14.39 15.23 ,-1.8 2.25 ,-2.1 2.74 ,-4.62 5.2 ,-3.55 4.26 ,-8.19 8.32 ,-3.69 4.28 ,-6.17 6.9 ,-2.58 2.96 ,-4.69 5.14 ,-12.57 12.69 ,
#p6-k2
-3.71 4.61 ,1.81 -1.32 ,2.87 -2.18 ,1.57 -1.13 ,0.34 0.1 ,1.75 -1.24 ,1.7 -1.06 ,2.64 -2.16 ,3.29 -3.02 ,1.71 -1.04 ,3.17 -2.55 ,1.81 -1.18 ,-6.2 6.79 ,0.38 -0.11 ,0.26 0.14 ,-2.02 2.22 ,-4.61 5.54 ,-2.8 3.96 ,-0.24 1.02 ,-2.51 3.01 ,-1.68 3.03 ,-4.63 6.41 ,-2.86 3.55 ,-7.96 9.16 ,-1.56 1.94 ,-5.36 6.79 ,-0.53 0.99 ,-4.8 5.99 ,-3.49 4.17 ,-3.63 4.15 ,-2.64 3.97 ,-1.42 2.22 ,-3.37 4.4 ,-3.2 5.06 ,-4.59 5.83 ,-4.68 5.65 ,-7.83 9.01 ,-6.58 7.07 ,-1.37 1.99 ,-6.47 7.21 ,-3.86 4.8 ,-4.77 6.02 ,-7.98 8.97 ,-2.71 3.49 ,-4.02 5.23 ,1.19 -0.85 ,-6.34 7.48 ,-4.89 5.35 ,1.32 -0.54 ,-4.95 6.7 ,-0.82 1.5 ,-4.85 6.25 ,0.32 0.45 ,-0.15 0.69 ,-5.79 5.74 ,-1.99 2.41 ,-5.72 6.1 ,-3.61 4.78 ,0.09 0.13 ,-7.98 9.25 ,-1.34 2.18 ,-2.47 3.41 ,-2.89 4.3 ,-2.79 3.32 ,-5.54 6.52 ,-9.42 10.76 ,-3.33 4.85 ,2.38 -2.12 ,-0.03 0.7 ,-5.18 7.23 ,-0.61 1.15 ,-2.79 3.43 ,-1.49 2.3 ,-4.07 5.82 ,0.98 -0.34 ,-2.21 3.31 ,-5.99 7.25 ,-5.09 5.9 ,-2.76 3.75 ,-4.13 4.67 ,-3.91 5.17 ,-1.85 2.44 ,-4.85 6.27 ,1.4 -1.17 ,-7.23 9.0 ,-6.77 8.36 ,-6.54 7.27 ,-10.51 11.43 ,-1.76 2.31 ,
#p6-k3
-0.99 0.94 ,3.4 -3.22 ,2.68 -2.68 ,-1.36 1.79 ,-4.03 3.95 ,2.57 -2.81 ,2.46 -2.34 ,-1.77 1.74 ,3.4 -3.27 ,-0.03 -0.12 ,5.22 -5.13 ,0.7 -0.45 ,0.59 -0.54 ,-8.68 8.75 ,0.81 -0.67 ,0.15 -0.02 ,0.25 -0.16 ,-4.98 5.66 ,-6.54 6.6 ,-2.03 2.18 ,-5.92 5.19 ,-5.25 5.72 ,-8.43 8.44 ,-1.65 1.17 ,-5.6 6.13 ,-3.19 3.04 ,-7.09 7.52 ,-1.44 1.45 ,-1.94 1.67 ,-1.73 1.93 ,-4.82 5.24 ,-2.76 3.0 ,-5.72 5.11 ,-1.68 1.09 ,-2.1 2.5 ,-3.52 3.51 ,-1.34 1.18 ,-6.0 6.21 ,-9.89 9.87 ,-5.76 5.74 ,-8.2 7.87 ,-5.12 5.79 ,-4.77 5.0 ,-1.87 1.85 ,-1.55 1.88 ,-2.34 2.23 ,-2.84 2.49 ,-2.61 3.01 ,-0.2 0.4 ,-4.15 4.2 ,-8.64 9.12 ,-1.13 1.0 ,-3.67 3.92 ,-2.35 2.7 ,-2.92 3.16 ,-6.37 6.76 ,-1.04 1.0 ,-7.59 8.33 ,0.24 -0.36 ,-3.32 3.33 ,-3.65 4.15 ,-7.08 7.72 ,-8.44 8.23 ,-2.37 2.79 ,-5.64 5.4 ,-2.57 2.36 ,-2.44 2.03 ,-2.45 2.57 ,-4.64 4.64 ,-9.02 8.85 ,-5.85 6.39 ,-4.02 3.81 ,-3.22 3.61 ,-0.02 0.02 ,-6.05 5.69 ,-4.79 4.21 ,-4.37 4.81 ,-4.26 3.67 ,-1.25 1.24 ,-4.72 4.18 ,0.1 0.05 ,-9.53 9.58 ,-4.6 4.72 ,-6.23 6.89 ,-2.06 1.87 ,-3.32 2.88 ,-11.96 12.92 ,-2.81 3.16 ,-1.37 1.24 ,
#p6-k4
4.23 -4.21 ,2.68 -2.85 ,-3.87 3.82 ,2.48 -2.57 ,2.57 -2.51 ,-7.21 6.57 ,2.42 -2.62 ,-1.84 1.41 ,3.34 -3.38 ,-0.38 0.24 ,1.66 -1.82 ,0.0 -0.18 ,1.33 -1.77 ,1.02 -1.02 ,-8.05 7.8 ,-5.32 4.77 ,-8.44 8.27 ,-11.88 11.1 ,-10.23 8.95 ,-3.11 1.97 ,-7.3 6.94 ,3.02 -3.18 ,-3.72 3.72 ,-1.68 1.14 ,-2.56 2.73 ,-13.25 13.36 ,-15.28 14.46 ,-1.77 0.87 ,-6.22 5.56 ,-6.48 5.76 ,-13.38 12.35 ,-10.81 9.85 ,-2.72 2.03 ,-0.49 0.49 ,-8.22 6.78 ,-19.03 17.55 ,-0.92 0.27 ,-9.06 8.44 ,-12.53 12.08 ,-11.43 10.02 ,-1.7 1.34 ,-7.71 6.35 ,-3.17 2.57 ,-6.21 5.37 ,-11.46 11.34 ,-1.86 1.34 ,-17.18 16.38 ,-10.12 9.99 ,-0.29 0.08 ,-10.86 10.17 ,-5.38 4.41 ,-2.28 1.85 ,-5.13 4.71 ,1.66 -2.29 ,-2.06 1.13 ,0.03 -0.58 ,-5.7 5.18 ,-11.48 10.15 ,-4.5 4.04 ,-11.32 11.0 ,0.37 -0.89 ,-4.48 4.0 ,-1.37 1.26 ,-5.07 4.69 ,-14.61 13.61 ,-11.06 9.55 ,-2.81 2.46 ,-4.33 3.5 ,-2.24 1.9 ,-4.69 4.36 ,-4.42 3.51 ,-4.87 4.41 ,-0.3 0.17 ,-13.71 12.94 ,-4.08 3.82 ,-1.61 1.06 ,-1.63 1.71 ,-7.08 6.63 ,-4.8 4.31 ,-12.0 10.94 ,-9.13 8.58 ,-7.17 6.24 ,-5.88 5.66 ,-6.09 5.58 ,-6.76 6.31 ,-15.65 14.05 ,-13.7 12.99 ,-1.07 0.81 ,-5.04 4.57 ,-13.81 12.89 ,-1.76 1.75 ,
#p7-k0
-1.8 1.76 ,-0.13 0.17 ,0.2 0.29 ,2.6 -2.52 ,0.85 -0.97 ,-2.77 2.87 ,-0.34 0.31 ,0.3 -0.02 ,3.01 -3.19 ,0.04 0.15 ,1.81 -1.83 ,-1.88 1.89 ,1.0 -1.18 ,-4.83 4.97 ,-2.64 2.65 ,-8.76 8.52 ,-5.84 5.2 ,-2.3 2.15 ,-7.03 7.33 ,-6.26 6.43 ,-0.51 0.42 ,-8.58 9.39 ,-6.68 6.53 ,-3.59 3.04 ,-2.18 2.03 ,-6.0 5.79 ,-2.06 2.55 ,-1.73 1.75 ,-3.48 3.69 ,-0.18 -0.01 ,-4.04 3.84 ,-8.14 7.76 ,-8.89 9.01 ,-7.92 7.91 ,-5.5 5.4 ,-5.35 4.94 ,-6.48 6.71 ,-5.35 5.47 ,-4.97 4.15 ,-7.35 6.78 ,-1.54 1.26 ,-1.23 0.89 ,-3.11 2.93 ,-3.65 3.82 ,-6.77 6.3 ,-7.47 7.18 ,-0.68 0.64 ,-2.2 2.71 ,-1.36 1.57 ,-5.98 6.18 ,-0.42 0.19 ,-2.61 2.76 ,-4.42 3.85 ,-4.05 3.85 ,-5.75 6.34 ,-0.35 -0.31 ,-0.84 1.03 ,-0.36 0.47 ,-4.59 4.12 ,-5.63 5.63 ,-6.59 6.68 ,-6.46 6.77 ,-1.75 1.7 ,-5.61 4.83 ,-4.26 4.69 ,-3.85 3.51 ,-0.53 0.63 ,-1.08 0.83 ,-9.71 9.09 ,-9.59 10.12 ,-1.57 1.58 ,-6.18 6.14 ,-7.91 8.19 ,-1.41 1.36 ,-8.84 8.11 ,-9.43 9.12 ,-0.56 0.21 ,-10.43 10.13 ,-4.58 4.27 ,-2.81 2.96 ,-7.63 7.54 ,-0.43 0.43 ,-5.28 5.46 ,-4.32 4.56 ,-7.3 7.75 ,-1.59 1.55 ,-2.52 2.54 ,-4.92 5.19 ,-5.21 5.16 ,
#p7-k1
3.5 -3.36 ,-0.36 0.35 ,0.36 -0.15 ,1.93 -1.93 ,4.2 -4.13 ,1.07 -1.0 ,-0.91 -0.01 ,-0.21 0.21 ,2.99 -2.88 ,-0.2 0.13 ,2.05 -2.12 ,2.92 -2.71 ,-2.88 3.11 ,-3.99 3.35 ,-6.41 5.67 ,-0.72 0.4 ,-4.55 4.03 ,-9.84 8.66 ,-2.66 2.75 ,-6.21 5.89 ,-5.74 5.69 ,-3.75 3.45 ,-6.25 6.04 ,-5.08 3.86 ,0.03 0.19 ,-2.11 2.22 ,-2.71 2.72 ,-8.02 6.99 ,-4.17 2.75 ,-4.32 3.58 ,-6.62 6.01 ,-4.23 3.7 ,-2.72 2.08 ,-2.17 1.77 ,-7.26 6.62 ,1.73 -1.58 ,-3.9 3.09 ,-0.48 0.37 ,-3.1 2.82 ,-5.11 4.75 ,-3.35 3.48 ,-4.14 3.31 ,-7.16 6.3 ,0.89 -0.94 ,-0.15 0.13 ,-3.21 2.98 ,-1.45 0.88 ,-3.21 3.2 ,-8.5 8.0 ,1.35 -1.3 ,-1.62 1.59 ,-7.84 6.75 ,-4.71 4.66 ,-2.13 1.91 ,-2.61 2.51 ,-0.62 0.17 ,-0.24 0.02 ,0.66 -0.63 ,-3.21 2.76 ,-1.87 1.51 ,-4.99 4.75 ,-0.82 0.61 ,0.34 -0.19 ,-0.64 0.65 ,-3.29 3.06 ,-6.42 5.82 ,-6.89 6.78 ,-8.38 7.82 ,-2.78 2.36 ,-1.07 0.76 ,-0.16 0.08 ,-6.95 5.9 ,-1.44 1.05 ,-4.93 4.33 ,-3.56 3.59 ,-0.88 0.26 ,-2.62 2.3 ,-4.36 3.72 ,-2.17 1.83 ,-0.07 0.26 ,-0.24 0.25 ,0.43 -0.7 ,-1.52 1.48 ,-8.43 8.02 ,0.13 -0.08 ,-5.0 4.41 ,-2.78 1.59 ,-8.83 7.77 ,-4.32 4.03 ,
#p7-k2
2.33 -1.88 ,1.86 -1.43 ,2.77 -3.1 ,3.65 -3.31 ,0.67 -0.37 ,4.49 -4.08 ,-0.16 0.39 ,2.38 -1.84 ,2.34 -2.2 ,2.77 -2.51 ,1.3 -1.03 ,4.13 -3.75 ,-4.34 5.68 ,-1.6 1.71 ,0.66 -0.64 ,-3.4 4.41 ,-2.99 4.13 ,-4.06 5.1 ,-9.72 9.81 ,-2.51 3.42 ,-2.5 3.46 ,-4.99 5.44 ,-5.73 6.74 ,-5.22 7.03 ,-2.09 2.54 ,-4.94 5.53 ,-1.86 2.19 ,-5.1 6.68 ,1.16 -0.9 ,1.56 -0.78 ,-7.06 7.61 ,0.02 0.65 ,-6.69 7.72 ,-3.72 4.03 ,-3.41 3.56 ,-5.34 6.36 ,-6.08 6.77 ,-5.5 6.61 ,-4.03 4.74 ,0.17 -0.12 ,-0.72 1.04 ,-6.59 6.94 ,-7.93 8.14 ,-4.71 5.38 ,-3.43 3.96 ,-0.34 1.06 ,-2.61 3.11 ,-7.06 7.72 ,-9.96 10.48 ,-2.2 2.48 ,-5.92 7.2 ,-2.01 2.44 ,-5.11 6.03 ,-7.19 8.07 ,-1.72 2.01 ,-7.43 8.27 ,-3.06 4.33 ,-5.7 6.31 ,-4.67 5.96 ,-2.84 3.71 ,-6.69 6.94 ,-3.89 5.11 ,-1.76 2.03 ,-1.59 2.35 ,-1.77 2.23 ,0.32 -0.13 ,-4.85 6.08 ,-4.74 5.92 ,-4.39 5.17 ,-6.79 6.84 ,-3.67 3.97 ,-3.06 3.97 ,-2.82 3.57 ,-3.34 4.49 ,-3.44 4.59 ,-0.62 1.4 ,-6.66 7.19 ,-8.04 8.49 ,-3.45 4.5 ,-6.78 7.95 ,-0.4 0.69 ,-3.74 4.48 ,0.42 -0.32 ,-5.44 6.47 ,-3.07 3.89 ,-0.05 0.56 ,-4.6 4.74 ,-5.72 6.01 ,-2.34 3.45 ,
#p7-k3
2.29 -2.45 ,1.39 -1.39 ,0.62 -1.59 ,0.12 -0.01 ,0.61 -1.33 ,1.41 -1.86 ,-2.49 2.19 ,3.13 -3.55 ,2.24 -2.89 ,1.57 -2.03 ,-1.28 0.92 ,0.31 -0.51 ,-5.01 3.88 ,-1.07 0.78 ,0.36 -0.67 ,-4.83 4.22 ,-5.15 4.55 ,-0.13 -0.04 ,-4.55 3.34 ,-6.16 4.89 ,-1.61 1.0 ,1.14 -1.52 ,-7.86 6.52 ,-3.46 2.92 ,-10.75 10.07 ,-8.42 7.09 ,0.88 -1.66 ,-3.47 3.17 ,-5.51 4.92 ,-9.27 7.7 ,-5.43 4.29 ,-3.19 2.09 ,0.04 -0.57 ,-8.65 8.07 ,0.79 -1.07 ,-1.05 0.6 ,-6.66 6.08 ,-6.44 5.33 ,-2.71 1.84 ,-2.04 1.29 ,-4.14 3.35 ,-2.1 2.0 ,-4.88 4.33 ,0.95 -1.52 ,-0.36 -0.11 ,-3.1 2.46 ,-9.86 9.34 ,-4.77 4.21 ,-7.23 6.25 ,-5.61 5.05 ,-11.52 10.33 ,-6.78 5.77 ,-1.5 0.83 ,-8.34 7.02 ,-2.97 2.54 ,-3.83 3.19 ,-8.25 7.18 ,-2.75 2.58 ,-11.18 9.76 ,0.21 -0.44 ,-5.31 4.76 ,-4.32 4.19 ,-5.52 4.45 ,-1.94 1.27 ,-1.13 0.46 ,-4.78 4.83 ,-0.79 0.31 ,-3.86 2.56 ,-2.48 2.1 ,-7.67 6.13 ,-6.75 5.59 ,-10.04 8.28 ,-4.22 3.31 ,0.85 -0.87 ,-5.11 4.38 ,-0.59 0.83 ,-5.64 4.76 ,-1.8 0.77 ,-9.15 7.84 ,-6.04 5.47 ,-5.96 4.94 ,-5.49 4.54 ,-1.9 1.35 ,-1.0 0.17 ,-5.6 4.74 ,-8.4 7.42 ,-3.69 3.02 ,-8.48 7.43 ,-2.62 2.28 ,
#p7-k4
0.28 -0.53 ,-0.41 0.57 ,-1.77 1.98 ,-2.72 3.06 ,0.9 -0.78 ,1.1 -1.05 ,1.13 -1.22 ,1.42 -1.34 ,1.86 -1.83 ,1.68 -1.35 ,0.61 -0.28 ,1.72 -1.63 ,-0.88 1.24 ,1.07 -0.9 ,-7.66 8.68 ,-4.08 4.5 ,-0.69 1.04 ,-3.24 3.49 ,-3.94 4.25 ,-10.98 12.09 ,-0.26 0.54 ,-1.24 1.56 ,-6.22 7.09 ,-1.85 2.33 ,-6.68 7.2 ,-2.63 3.48 ,-9.51 10.44 ,-2.45 2.92 ,0.67 -0.53 ,-1.77 2.06 ,1.1 -0.92 ,0.29 -0.17 ,-3.35 4.3 ,-5.67 5.83 ,1.55 -1.55 ,-0.25 0.46 ,-0.9 1.47 ,-1.49 2.29 ,-10.72 11.42 ,-3.01 3.1 ,-5.94 6.81 ,-1.28 1.26 ,1.13 -1.18 ,-5.53 6.47 ,-0.8 1.03 ,-8.3 9.19 ,-9.33 10.22 ,-5.5 5.98 ,0.32 -0.15 ,-0.03 0.27 ,-8.85 9.77 ,-7.4 8.15 ,-8.09 9.56 ,-5.59 6.47 ,-9.23 10.4 ,-6.15 5.81 ,-1.7 1.87 ,-5.1 5.91 ,-0.08 0.34 ,-4.36 5.18 ,0.02 0.21 ,-1.94 1.91 ,-4.64 5.63 ,1.31 -0.97 ,-5.06 6.03 ,-2.87 3.03 ,-6.02 6.8 ,-7.76 8.34 ,-1.86 1.95 ,-2.09 2.19 ,-5.99 7.41 ,-4.7 4.96 ,-3.42 4.17 ,-3.11 3.28 ,-1.79 1.86 ,-13.82 14.98 ,-6.57 7.54 ,-2.35 2.65 ,-10.12 11.99 ,0.62 -0.18 ,-5.85 7.31 ,-6.84 8.07 ,-2.47 2.86 ,-1.37 1.64 ,0.31 -0.32 ,-0.57 0.96 ,-2.26 2.5 ,-0.08 0.22 ,-5.47 5.97 ,-5.8 6.65 ,-1.6 1.72 ,
#p8-k0
2.09 -1.79 ,0.89 -0.4 ,2.01 -1.85 ,0.68 -0.58 ,1.12 -1.12 ,-2.47 2.75 ,2.39 -2.32 ,5.09 -4.83 ,2.4 -2.37 ,-7.99 8.11 ,2.6 -2.46 ,3.72 -3.42 ,-12.59 12.39 ,-0.92 0.86 ,-7.76 7.37 ,-8.32 8.76 ,-9.15 8.93 ,-1.32 1.38 ,-14.26 14.02 ,-0.72 1.02 ,-2.69 3.09 ,-8.42 8.49 ,-7.12 7.23 ,2.98 -3.02 ,-3.26 3.23 ,-5.37 5.47 ,-8.63 9.0 ,-1.26 1.52 ,-3.33 3.3 ,-8.76 8.55 ,-5.32 5.02 ,-15.29 15.21 ,-7.38 7.23 ,-2.47 2.25 ,-11.5 12.17 ,-9.37 8.62 ,-1.73 2.14 ,-12.73 13.09 ,-10.01 10.13 ,-5.44 5.74 ,-10.98 10.73 ,-8.56 9.09 ,-4.18 4.53 ,-10.71 10.86 ,1.12 -0.86 ,0.17 -0.35 ,-7.0 6.87 ,-14.72 14.8 ,-3.81 3.63 ,-13.72 13.76 ,-4.3 4.14 ,-8.49 9.32 ,-6.23 6.52 ,-13.01 13.26 ,-8.0 7.84 ,-18.21 18.14 ,-16.87 16.56 ,-2.56 2.63 ,1.78 -1.23 ,-3.98 4.29 ,-7.18 7.48 ,-4.74 5.06 ,-8.0 8.2 ,-6.12 6.41 ,-8.32 8.06 ,-8.69 9.42 ,-9.38 9.77 ,-11.34 11.34 ,-6.72 6.83 ,-4.9 5.31 ,-2.51 2.77 ,0.93 -0.75 ,-7.99 8.33 ,-8.93 8.68 ,-4.06 3.95 ,-5.54 5.91 ,-15.48 15.63 ,-13.19 12.48 ,-10.22 10.11 ,0.58 -0.43 ,-16.97 17.6 ,-7.71 7.24 ,-8.48 8.35 ,-8.23 8.59 ,-11.73 11.5 ,-8.29 8.7 ,-2.61 2.79 ,-10.68 10.41 ,-5.51 5.83 ,
#p8-k1
1.83 -1.94 ,-0.83 0.67 ,0.23 -0.29 ,-0.59 0.09 ,1.06 -1.34 ,0.68 -0.73 ,1.06 -1.14 ,1.56 -1.7 ,1.0 -1.01 ,1.28 -1.44 ,1.09 -1.22 ,0.88 -1.17 ,-2.39 2.4 ,-1.7 1.53 ,-4.12 4.31 ,-12.95 12.97 ,-9.86 10.03 ,1.34 -1.64 ,-1.64 1.32 ,-5.39 5.83 ,-7.72 7.67 ,-4.85 5.4 ,-6.28 6.12 ,-4.06 4.53 ,-0.37 0.38 ,-5.6 5.44 ,-2.34 2.13 ,-9.03 8.14 ,-4.18 4.16 ,-2.64 2.57 ,-6.61 7.03 ,-6.36 6.38 ,-9.74 10.28 ,0.9 -0.99 ,-6.15 5.64 ,-0.32 0.03 ,-1.71 1.81 ,-11.1 10.86 ,-2.97 3.16 ,-5.4 5.8 ,-5.17 4.85 ,-10.91 11.51 ,-3.72 3.86 ,-6.62 6.26 ,-3.97 4.09 ,-3.29 2.64 ,-10.89 11.56 ,-2.8 2.57 ,-5.07 4.68 ,-10.08 10.34 ,0.78 -0.9 ,-5.29 4.73 ,-8.8 9.1 ,-4.41 4.5 ,-1.5 1.16 ,-5.6 5.12 ,-5.31 5.06 ,-4.63 4.83 ,-3.83 3.88 ,-9.44 8.9 ,-4.67 4.66 ,-9.22 8.78 ,-2.34 2.51 ,-6.45 6.52 ,-4.79 4.61 ,0.28 -0.45 ,-3.41 3.62 ,-6.15 6.22 ,-4.79 5.01 ,-2.54 2.4 ,-3.69 4.45 ,-5.76 5.56 ,-2.88 3.0 ,0.28 -0.39 ,-5.11 5.54 ,-4.61 4.42 ,-4.76 4.4 ,-6.23 6.53 ,-0.49 0.09 ,-6.98 6.27 ,-1.32 0.96 ,-2.07 2.04 ,0.54 -0.59 ,-5.89 5.56 ,-2.23 2.22 ,-11.04 10.58 ,-3.31 2.95 ,-6.46 6.1 ,-0.12 -0.07 ,
#p8-k2
2.63 -2.67 ,0.03 -0.01 ,1.75 -1.56 ,3.41 -3.48 ,2.11 -1.68 ,3.21 -3.11 ,-3.47 3.58 ,1.42 -1.51 ,3.04 -3.07 ,2.19 -2.37 ,-3.39 3.94 ,-5.1 5.49 ,-3.36 3.24 ,-0.26 0.45 ,-0.54 0.65 ,-5.78 6.38 ,-12.4 13.65 ,-3.94 4.02 ,-7.78 8.25 ,-3.7 3.85 ,-3.45 3.93 ,-1.39 1.7 ,-2.06 2.54 ,-10.6 11.87 ,-11.33 11.54 ,-3.5 3.83 ,-6.33 7.25 ,-10.2 11.11 ,-3.49 3.83 ,-1.43 1.65 ,-9.03 9.52 ,-0.86 1.34 ,-6.52 7.41 ,-4.98 5.79 ,-13.14 13.63 ,-8.51 8.48 ,-8.64 9.2 ,-4.87 5.34 ,-10.03 9.31 ,-8.87 8.9 ,-8.35 9.12 ,-3.76 4.45 ,-1.95 2.53 ,0.34 -0.34 ,-0.54 0.84 ,-1.68 1.99 ,-7.22 7.63 ,-6.91 7.06 ,-6.27 7.43 ,-4.11 4.75 ,-4.49 4.78 ,-3.9 4.2 ,-0.93 1.01 ,-3.62 3.41 ,-1.1 1.29 ,-4.82 5.13 ,-6.16 6.83 ,-6.81 7.29 ,-6.94 7.66 ,-5.16 5.77 ,-9.55 10.26 ,-1.61 1.67 ,-5.72 6.01 ,-3.01 4.1 ,-6.99 7.19 ,-6.72 7.35 ,-5.6 5.95 ,-3.91 4.55 ,-4.22 4.87 ,-5.7 6.09 ,0.28 0.24 ,-2.35 2.65 ,-3.38 3.65 ,-6.68 7.38 ,-8.11 8.42 ,-10.7 11.15 ,-0.37 0.84 ,-3.84 4.13 ,-0.22 0.65 ,-10.01 10.85 ,-3.91 4.39 ,-5.52 6.58 ,-2.77 3.11 ,-6.3 7.13 ,-1.79 2.15 ,-3.19 3.31 ,-6.62 7.26 ,-6.46 6.97 ,-3.31 3.49 ,
#p8-k3
-0.36 0.85 ,0.82 -0.72 ,1.15 -1.46 ,-0.04 0.04 ,1.65 -1.57 ,1.93 -1.98 ,1.04 -0.97 ,-2.0 2.6 ,-1.57 1.53 ,0.21 -0.45 ,1.18 -1.12 ,1.57 -1.78 ,-3.35 3.66 ,-2.7 2.8 ,-0.24 0.19 ,-1.48 2.41 ,-6.53 7.23 ,0.08 0.24 ,-9.88 11.0 ,0.57 -0.69 ,0.67 -0.87 ,-5.69 6.84 ,-6.42 7.18 ,-1.59 1.6 ,-8.2 8.78 ,-6.34 6.81 ,-1.56 1.18 ,-5.66 6.34 ,-10.16 10.58 ,-7.61 7.58 ,-5.34 6.3 ,-3.16 3.41 ,-9.61 10.17 ,-1.04 1.28 ,-5.17 6.05 ,-4.5 4.76 ,0.15 -0.0 ,-11.15 12.59 ,-0.78 1.0 ,-7.29 7.98 ,-7.26 8.2 ,-1.54 1.65 ,-6.73 7.82 ,-3.11 3.16 ,0.14 0.1 ,-4.5 4.54 ,-3.29 2.96 ,-6.05 6.98 ,-3.62 3.26 ,-4.93 5.05 ,-4.0 5.09 ,-6.4 7.19 ,-1.75 1.97 ,-5.6 5.54 ,-0.06 0.01 ,-4.16 4.97 ,-6.06 6.17 ,-1.44 1.51 ,-7.69 8.04 ,-3.72 4.29 ,-3.06 3.32 ,-3.2 3.63 ,-5.53 5.15 ,-0.35 0.64 ,0.19 -0.08 ,-4.92 5.53 ,-1.48 2.17 ,-3.59 4.74 ,-5.77 5.41 ,-5.6 6.18 ,-5.74 6.35 ,0.62 -0.14 ,-1.24 1.35 ,-7.14 7.63 ,-1.26 0.84 ,-1.82 2.12 ,-3.65 3.27 ,-5.83 6.27 ,-3.91 4.57 ,-10.74 11.62 ,-3.1 3.97 ,-1.47 1.35 ,-0.13 0.03 ,-2.42 2.49 ,-7.65 8.54 ,-2.15 1.97 ,-4.8 5.58 ,-3.6 3.84 ,-3.4 3.57 ,
#p8-k4
1.05 -0.72 ,-1.27 1.49 ,-1.88 1.66 ,1.47 -1.37 ,-1.57 1.09 ,0.01 0.08 ,-0.11 0.14 ,2.22 -1.94 ,-0.11 0.27 ,-3.6 3.46 ,-2.59 2.18 ,0.83 -0.39 ,0.94 -1.13 ,1.85 -2.23 ,-9.79 9.01 ,-7.4 6.52 ,-5.53 5.57 ,-4.99 4.72 ,0.12 0.23 ,-2.8 3.04 ,-0.51 0.75 ,0.19 -0.82 ,-0.66 0.23 ,-3.98 3.79 ,0.83 -0.52 ,-11.82 11.46 ,-1.9 1.91 ,-5.32 5.39 ,-5.13 5.13 ,-2.6 2.86 ,-8.29 7.87 ,-4.48 4.13 ,-7.02 6.62 ,-1.11 1.3 ,-3.45 3.53 ,-13.81 13.15 ,-9.38 9.6 ,-6.98 6.98 ,-12.29 11.4 ,0.11 -0.52 ,-11.17 10.29 ,-8.21 8.55 ,-12.63 11.48 ,-4.21 3.96 ,-4.67 4.73 ,-5.29 5.29 ,-2.23 2.02 ,-12.38 11.14 ,-9.2 8.83 ,-11.04 10.94 ,-5.86 5.19 ,-4.07 3.79 ,2.23 -2.09 ,0.79 -0.42 ,-13.91 12.46 ,-4.37 4.41 ,-5.15 4.73 ,-10.02 9.02 ,-4.31 4.77 ,-0.93 0.58 ,-4.53 4.76 ,-3.77 3.77 ,-7.74 7.53 ,-3.0 3.47 ,-6.71 6.3 ,-12.52 11.59 ,-4.44 4.15 ,-6.4 6.01 ,-1.77 1.57 ,-8.04 7.8 ,-0.88 0.64 ,-17.39 16.67 ,-9.11 8.28 ,-10.39 10.47 ,-10.88 10.45 ,-3.81 3.68 ,-6.72 6.21 ,-1.02 1.02 ,-7.65 7.25 ,-4.58 4.43 ,-7.34 6.85 ,-8.31 7.58 ,-6.01 6.06 ,-2.6 2.53 ,-6.56 6.06 ,-0.21 0.43 ,-4.89 4.66 ,-1.1 1.87 ,-14.46 13.52 ,-3.12 3.75 ,-11.75 11.01 ,
#p9-k0
2.27 -2.15 ,-0.13 0.31 ,-0.47 0.87 ,0.1 -0.1 ,1.82 -1.76 ,2.89 -2.81 ,-4.65 5.26 ,2.02 -1.89 ,1.31 -1.18 ,1.22 -1.21 ,-8.04 8.31 ,1.17 -1.18 ,-39.87 41.42 ,-26.02 26.86 ,-16.34 17.31 ,-19.54 20.35 ,-20.72 20.79 ,-33.39 33.9 ,-4.49 4.91 ,-54.46 55.86 ,-27.81 28.69 ,-4.25 4.52 ,-38.99 39.95 ,-23.2 23.48 ,-14.81 14.93 ,-20.49 20.83 ,-4.44 4.73 ,-20.97 21.54 ,-21.22 21.63 ,-30.92 31.57 ,-42.53 43.26 ,-3.46 3.77 ,-22.6 23.38 ,-25.23 25.81 ,-20.06 20.38 ,-18.49 18.81 ,-2.07 2.31 ,-3.42 3.65 ,-51.38 53.32 ,-8.72 8.93 ,-6.06 6.53 ,-5.56 5.88 ,-1.68 1.88 ,-20.79 22.3 ,0.09 0.02 ,0.46 -0.36 ,-17.2 17.53 ,-18.89 18.99 ,-16.61 17.71 ,-0.01 0.06 ,-3.99 4.25 ,-17.79 18.28 ,-32.75 33.12 ,-49.64 50.87 ,1.32 -1.24 ,-3.23 2.96 ,-12.4 13.57 ,-15.9 16.85 ,-26.44 27.28 ,-19.93 20.62 ,-3.74 3.79 ,-4.12 4.28 ,-32.88 33.02 ,-12.47 12.87 ,-43.13 44.23 ,-35.22 37.1 ,1.03 -1.0 ,-1.8 1.99 ,-5.77 6.21 ,-6.01 6.09 ,-32.66 34.07 ,-27.6 28.56 ,-9.47 10.24 ,-4.44 4.8 ,-14.3 15.44 ,-18.22 18.68 ,-2.36 2.61 ,-39.53 40.6 ,-36.95 38.24 ,-37.37 38.18 ,-20.82 21.96 ,-1.33 1.48 ,-48.98 49.82 ,-12.48 13.36 ,-14.76 15.52 ,-25.36 26.73 ,-10.06 10.82 ,-21.15 21.37 ,1.85 -1.79 ,
#p9-k1
1.61 -1.44 ,-0.25 0.38 ,1.14 -0.89 ,-2.54 2.57 ,1.84 -1.67 ,0.24 -0.13 ,-0.04 0.21 ,0.67 -0.47 ,-1.73 1.92 ,1.23 -0.91 ,1.58 -1.34 ,-1.72 1.71 ,-7.68 7.34 ,-8.34 7.9 ,-2.84 2.32 ,-1.56 1.66 ,-5.88 5.48 ,-3.21 3.23 ,-3.04 3.45 ,-7.37 6.91 ,-1.53 1.54 ,-2.66 2.85 ,-0.6 1.01 ,-0.09 0.26 ,-6.49 6.41 ,-4.71 4.34 ,-2.11 2.48 ,-5.09 4.83 ,-6.63 5.63 ,0.79 -0.58 ,-2.07 1.88 ,-0.12 0.45 ,-2.98 2.98 ,-3.11 3.17 ,-0.34 0.59 ,0.42 -0.27 ,-6.44 5.97 ,-1.82 2.01 ,1.09 -0.84 ,0.02 -0.11 ,-6.44 6.49 ,-3.93 3.84 ,1.09 -0.87 ,-4.84 4.75 ,-1.64 1.15 ,-1.89 1.9 ,0.15 0.15 ,0.67 -0.43 ,0.14 0.04 ,-5.13 4.8 ,0.96 -0.76 ,-2.52 2.49 ,-2.23 1.96 ,-2.1 2.3 ,0.19 -0.02 ,-1.29 1.49 ,1.18 -0.77 ,1.05 -0.94 ,-5.77 5.3 ,-2.24 2.4 ,-6.02 5.5 ,-0.8 0.9 ,-0.89 1.1 ,-2.82 3.11 ,-3.21 2.98 ,0.9 -0.67 ,-4.66 4.48 ,-0.77 0.81 ,-3.56 3.13 ,0.21 0.01 ,-6.47 6.4 ,-4.46 4.64 ,-4.29 4.42 ,-3.48 3.59 ,0.82 -0.57 ,-2.33 2.05 ,-3.1 2.88 ,-8.28 7.66 ,0.94 -0.74 ,-5.65 5.43 ,-10.4 9.5 ,-8.24 8.53 ,-0.2 0.25 ,0.79 -0.58 ,-1.2 1.67 ,-3.26 3.1 ,-2.13 2.27 ,-4.24 4.18 ,-1.45 1.02 ,
#p9-k2
3.73 -4.58 ,-3.42 2.4 ,2.41 -2.48 ,4.64 -4.77 ,-2.82 2.19 ,5.1 -5.79 ,-0.05 -0.75 ,-0.2 -0.57 ,2.01 -2.45 ,4.71 -4.84 ,7.26 -7.68 ,3.65 -3.73 ,-14.55 14.16 ,-14.36 13.57 ,-9.46 8.63 ,-2.1 1.03 ,-14.21 12.69 ,-11.34 10.3 ,-2.82 2.54 ,-13.2 13.02 ,-6.28 5.33 ,-7.42 6.6 ,-1.67 1.16 ,-12.42 11.57 ,-2.67 2.26 ,-6.9 6.59 ,-4.36 4.18 ,-7.74 7.31 ,-13.34 12.33 ,-5.31 4.71 ,-12.84 12.17 ,-6.17 5.31 ,-6.88 5.86 ,-6.47 6.07 ,0.73 -1.28 ,-0.51 0.26 ,-6.27 5.8 ,-11.77 10.94 ,-5.33 4.88 ,-3.31 2.97 ,-20.61 19.16 ,-2.17 1.99 ,-5.69 5.05 ,-8.45 8.12 ,-10.62 10.07 ,-10.92 9.53 ,-6.35 6.01 ,-9.09 8.6 ,-9.11 8.4 ,-3.89 3.64 ,-4.86 4.38 ,-10.71 10.13 ,-4.89 4.18 ,-3.25 2.48 ,-5.43 4.66 ,-6.2 5.54 ,-12.45 11.44 ,-1.31 1.26 ,-8.06 6.78 ,-8.22 7.01 ,-5.02 4.65 ,-13.08 11.89 ,-2.48 2.04 ,-3.98 3.78 ,-1.67 1.22 ,-3.2 2.57 ,-3.78 3.23 ,-4.65 4.18 ,-1.26 0.98 ,0.91 -1.21 ,-8.27 6.94 ,-5.83 4.64 ,-4.98 4.35 ,-4.17 4.02 ,-1.82 1.85 ,-10.8 9.46 ,-14.42 13.59 ,-0.02 -0.16 ,-6.3 5.18 ,-7.33 6.58 ,-0.92 0.25 ,-0.25 -0.63 ,-4.92 4.72 ,-3.59 2.73 ,-6.24 5.43 ,-8.38 7.36 ,-5.62 4.99 ,-1.89 0.96 ,-5.96 5.28 ,
#p9-k3
2.19 -2.34 ,0.97 -0.59 ,1.9 -1.7 ,2.94 -2.93 ,-2.11 2.28 ,1.2 -1.13 ,-0.51 0.59 ,1.5 -1.38 ,0.66 -0.37 ,1.74 -1.76 ,2.61 -2.69 ,0.53 -0.51 ,-0.31 0.47 ,-0.4 0.34 ,-0.92 1.13 ,-7.74 8.08 ,-9.32 9.23 ,-9.16 9.79 ,-4.35 4.85 ,0.64 -0.51 ,-1.58 1.8 ,-1.01 1.34 ,-0.87 0.81 ,-5.81 6.28 ,-0.81 1.02 ,-6.24 6.88 ,-6.31 7.47 ,-4.83 4.72 ,-7.66 7.67 ,-7.38 6.99 ,-3.44 3.95 ,-6.78 6.89 ,-0.47 0.43 ,-8.31 8.3 ,-1.94 2.56 ,-4.18 4.22 ,-2.87 2.92 ,-6.6 6.59 ,-5.49 5.67 ,-7.05 7.22 ,-1.32 1.68 ,-1.72 2.01 ,-3.56 3.44 ,-6.8 7.18 ,-4.81 4.91 ,0.67 -0.4 ,-2.15 1.92 ,-0.79 0.82 ,-0.96 1.3 ,-11.35 11.6 ,-5.34 6.01 ,0.11 0.37 ,-4.08 4.25 ,-7.55 7.83 ,-10.83 11.33 ,-3.2 3.04 ,-6.82 7.05 ,-1.17 1.35 ,-2.0 1.91 ,-3.94 4.17 ,0.64 -0.6 ,-6.75 7.57 ,-5.29 5.64 ,-2.66 2.81 ,-2.94 3.54 ,-3.59 4.26 ,-5.03 5.53 ,-6.35 6.27 ,-5.08 5.26 ,-3.1 3.29 ,-4.31 4.72 ,-0.94 0.89 ,-2.64 3.25 ,-3.76 3.69 ,-1.14 1.13 ,-5.92 5.89 ,-9.07 8.94 ,-6.24 7.15 ,-3.96 4.11 ,-6.37 6.53 ,-3.31 3.49 ,-0.08 0.23 ,-1.77 1.79 ,-1.91 2.07 ,-0.12 0.39 ,-7.18 7.59 ,-4.51 4.93 ,-4.34 4.93 ,-5.21 5.63 ,
#p9-k4
2.41 -2.5 ,-4.42 4.08 ,2.22 -2.24 ,-0.11 0.19 ,1.95 -1.86 ,1.21 -1.28 ,-1.51 1.55 ,0.66 -0.81 ,0.85 -0.85 ,1.8 -1.83 ,-0.73 0.34 ,2.96 -2.89 ,0.69 -0.79 ,2.24 -2.35 ,-5.58 5.34 ,-6.49 6.11 ,-5.08 4.02 ,-9.07 8.12 ,-4.4 4.15 ,-6.5 5.74 ,-0.75 0.47 ,-7.97 7.26 ,-2.43 2.33 ,-8.91 7.99 ,0.0 -0.1 ,-10.24 9.46 ,-1.69 1.83 ,-3.91 4.07 ,-4.83 4.58 ,-8.05 7.59 ,-9.27 8.96 ,-4.03 3.26 ,-4.62 4.35 ,-5.26 4.64 ,-9.6 8.02 ,-6.36 5.87 ,-10.1 9.68 ,-0.93 0.81 ,-5.55 5.0 ,-5.06 5.42 ,-2.56 2.5 ,-4.61 3.98 ,-6.72 6.05 ,-1.65 1.37 ,0.6 -0.76 ,-1.45 0.86 ,-2.62 2.69 ,-3.93 3.63 ,-6.73 5.95 ,-11.52 10.87 ,-4.28 4.47 ,-6.2 5.73 ,-5.75 5.63 ,-4.8 3.73 ,-5.02 4.86 ,-9.92 9.53 ,-9.71 9.32 ,-11.21 10.89 ,-5.1 4.96 ,-4.25 3.8 ,-5.37 5.18 ,-10.53 9.75 ,-0.67 0.74 ,2.19 -2.13 ,1.15 -0.98 ,1.77 -1.76 ,-6.88 6.86 ,-0.58 0.35 ,-10.9 9.98 ,-8.67 8.45 ,-7.11 7.22 ,-10.69 10.17 ,-0.21 0.13 ,-0.98 0.72 ,-4.18 3.68 ,1.31 -1.05 ,-0.3 0.44 ,-2.89 2.73 ,-3.61 3.9 ,-12.22 10.72 ,-12.6 11.54 ,-8.6 8.69 ,-10.15 9.28 ,-0.53 0.56 ,-7.4 7.41 ,-9.37 8.94 ,-8.44 8.65 ,-3.92 3.59 ,-4.72 4.26 ,-3.03 3.09 ,-3.12 2.53 ,
